0 0.09444444444444444 0.20833333333333334 0.18888888888888888 0.2633333333333333
0 0.4266666666666667 0.215 0.1688888888888889 0.19
0 0.30777777777777776 0.3383333333333333 0.03777777777777778 0.06333333333333334
0 0.5655555555555556 0.16333333333333333 0.12444444444444444 0.15666666666666668
0 0.7466666666666667 0.11833333333333333 0.14666666666666667 0.19
0 0.8533333333333334 0.09833333333333333 0.10222222222222223 0.13
0 0.67 0.5566666666666666 0.14666666666666667 0.25666666666666665
2 0.45222222222222225 0.6066666666666667 0.22 0.4533333333333333
2 0.11 0.725 0.22 0.55
2 0.22444444444444445 0.7266666666666667 0.19555555555555557 0.5466666666666666
2 0.8122222222222222 0.465 0.20666666666666667 0.4033333333333333
2 0.9311111111111111 0.4116666666666667 0.13777777777777778 0.42333333333333334
3 0.30333333333333334 0.42333333333333334 0.06444444444444444 0.12666666666666668