0 0.185 0.12693693693693694 0.13 0.12012012012012012
0 0.39318000000000003 0.11465465465465466 0.10454000000000001 0.09555555555555556
0 0.52 0.25252252252252255 0.07454000000000001 0.08189189189189189
0 0.6009 0.2539039039039039 0.07454000000000001 0.08735735735735736
0 0.67772 0.20885885885885885 0.08818000000000001 0.11192192192192194
1 0.7159 0.5500900900900901 0.22272 0.3876576576576577
1 0.77728 0.2566066066066066 0.13636 0.24024024024024024
1 0.41910000000000003 0.28255255255255257 0.13272 0.22387387387387386
2 0.30182 0.717027027027027 0.23636000000000001 0.5659159159159158
2 0.0841 0.5343843843843844 0.08818000000000001 0.4108708708708709
2 0.90728 0.5753453453453453 0.17272 0.3808408408408408