0 0.6712307692307693 0.21463492063492062 0.12507692307692309 0.19460317460317458
0 0.8321076923076923 0.13320634920634922 0.14983076923076924 0.20565079365079367
3 0.6755846153846153 0.7529206349206349 0.1658923076923077 0.4679047619047619
3 0.8541846153846154 0.7436190476190476 0.27826153846153845 0.5127619047619048
1 0.32943076923076925 0.7191111111111111 0.026092307692307692 0.060730158730158725
1 0.4294307692307692 0.7073968253968255 0.0214 0.0566031746031746
1 0.36087692307692304 0.8405714285714285 0.015384615384615385 0.03863492063492063
1 0.3782615384615385 0.8226349206349206 0.0194 0.0413968253968254
1 0.11706153846153847 0.703936507936508 0.017384615384615387 0.0413968253968254
1 0.14281538461538462 0.7273968253968254 0.018061538461538462 0.04692063492063492
2 0.3244153846153846 0.8122857142857143 0.044153846153846155 0.13939682539682538
2 0.42876923076923074 0.7950158730158731 0.04013846153846154 0.1186984126984127
2 0.3541846153846154 0.8902539682539683 0.022076923076923077 0.08558730158730159
2 0.3775846153846154 0.8778412698412698 0.023415384615384616 0.0773015873015873
2 0.12207692307692307 0.7681269841269841 0.03276923076923077 0.09247619047619048
2 0.15016923076923078 0.777079365079365 0.024753846153846154 0.08282539682539683