0 0.1947578125 0.24553125 0.099328125 0.09226041666666666
0 0.302453125 0.2529791666666667 0.0848203125 0.07440625000000001
0 0.41796875 0.29315625 0.0703125 0.06547916666666667
0 0.5078125 0.2819895833333333 0.064734375 0.07589583333333333
0 0.7254453125 0.26339583333333333 0.075890625 0.05655208333333333
0 0.8069218749999999 0.2626458333333333 0.0736640625 0.08482291666666668
0 0.9419609375 0.18972916666666664 0.091515625 0.08482291666666668
2 0.1824765625 0.5922604166666667 0.1439765625 0.45535416666666667
2 0.2935234375 0.5096770833333334 0.127234375 0.33184375
2 0.4140625 0.47097916666666667 0.09375 0.20982291666666666
2 0.50390625 0.4613125 0.0903984375 0.21428125
2 0.7159609375 0.46428125 0.1104921875 0.22916666666666666
2 0.8074765625 0.5528229166666667 0.11942187500000001 0.3824375
2 0.9324765625 0.4203854166666667 0.135046875 0.24256250000000001