0 0.02875 0.26641651031894936 0.0575 0.075046904315197
0 0.2825 0.27110694183864914 0.065 0.08067542213883677
0 0.361875 0.5300187617260788 0.065 0.08630393996247655
0 0.35 0.2926829268292683 0.055 0.0825515947467167
0 0.38125 0.3058161350844278 0.02625 0.054409005628517824
0 0.713125 0.2551594746716698 0.06 0.075046904315197
0 0.7625 0.24859287054409004 0.04875 0.06566604127579738
1 0.85625 0.24953095684803 0.05375 0.10318949343339587
1 0.9025 0.2673545966228893 0.0525 0.10131332082551595
1 0.1375 0.3405253283302064 0.05375 0.0825515947467167
1 0.244375 0.3151969981238274 0.05125 0.07692307692307693
2 0.05 0.43058161350844276 0.075 0.18761726078799248
2 0.1575 0.44652908067542213 0.08 0.1726078799249531
2 0.283125 0.4437148217636023 0.085 0.18761726078799248
2 0.505 0.4090056285178236 0.065 0.19136960600375236
2 0.62625 0.48686679174484054 0.08875 0.21388367729831145
2 0.738125 0.4446529080675422 0.07375 0.24202626641651032
2 0.8725 0.40619136960600377 0.085 0.1951219512195122
2 0.920625 0.4052532833020638 0.0575 0.21388367729831145