0 0.23792093704245973 0.52001953125 0.05710102489019034 0.029296875
0 0.8894582723279648 0.416015625 0.0849194729136164 0.0439453125
0 0.828696925329429 0.265625 0.0746705710102489 0.0419921875
0 0.7950219619326501 0.1640625 0.07027818448023426 0.0380859375
0 0.732796486090776 0.07958984375 0.0746705710102489 0.0390625
0 0.773792093704246 0.1298828125 0.05710102489019034 0.0322265625
0 0.4267935578330893 0.54150390625 0.04538799414348463 0.0341796875
0 0.28989751098096633 0.533203125 0.03806734992679356 0.029296875
3 0.49267935578330896 0.6123046875 0.09370424597364568 0.095703125
3 0.4084919472913616 0.5966796875 0.0746705710102489 0.07421875
3 0.2342606149341142 0.60791015625 0.09809663250366032 0.0888671875
3 0.33162518301610544 0.57666015625 0.05856515373352855 0.060546875
3 0.8316251830161054 0.37451171875 0.17276720351390923 0.13671875
3 0.787701317715959 0.26513671875 0.1595900439238653 0.1103515625