0 0.623 0.3463855421686747 0.084 0.09939759036144578
0 0.874 0.11596385542168675 0.08 0.08433734939759036
0 0.771 0.14006024096385541 0.046 0.0572289156626506
0 0.6 0.24397590361445784 0.08 0.0783132530120482
0 0.509 0.1686746987951807 0.06 0.060240963855421686
0 0.461 0.21536144578313254 0.064 0.06927710843373494
0 0.281 0.24096385542168675 0.074 0.07530120481927711
0 0.26 0.37349397590361444 0.08 0.09036144578313253
0 0.129 0.30873493975903615 0.09 0.08734939759036145
0 0.22 0.24096385542168675 0.062 0.07530120481927711
2 0.644 0.641566265060241 0.184 0.3674698795180723
2 0.928 0.4563253012048193 0.144 0.25301204819277107
2 0.295 0.6882530120481928 0.164 0.3644578313253012
2 0.145 0.6536144578313253 0.174 0.42168674698795183
2 0.449 0.45331325301204817 0.136 0.24397590361445784
1 0.934 0.2680722891566265 0.074 0.15060240963855423