0 0.10833333333333334 0.1118 0.21482222222222222 0.21526666666666666
0 0.45740000000000003 0.2021 0.15555555555555556 0.15416666666666667
0 0.3268444444444445 0.29513333333333336 0.031488888888888886 0.05693333333333333
0 0.5995333333333334 0.18263333333333334 0.11204444444444445 0.13193333333333332
0 0.7837999999999999 0.1812666666666667 0.13055555555555556 0.1625
0 0.8907333333333333 0.1861 0.0926 0.11109999999999999
0 0.6615777777777777 0.5965333333333334 0.12315555555555556 0.23193333333333332
2 0.4421333333333334 0.5937666666666667 0.17871111111111113 0.4152666666666667
2 0.0824 0.6812333333333334 0.16295555555555555 0.6208333333333333
2 0.20417777777777776 0.6701333333333334 0.14166666666666666 0.5375
2 0.8125111111111111 0.5382 0.16944444444444445 0.36806666666666665
2 0.9384222222222223 0.5152666666666668 0.10277777777777777 0.40276666666666666
3 0.3138888888888889 0.37776666666666664 0.05184444444444444 0.11666666666666667