0 0.179296875 0.28177083333333336 0.1046875 0.103125
0 0.287109375 0.27708333333333335 0.0890625 0.084375
0 0.4046875 0.30364583333333334 0.07421875 0.07291666666666667
0 0.493359375 0.28177083333333336 0.06953125 0.08333333333333333
0 0.708984375 0.23802083333333332 0.0796875 0.065625
0 0.790234375 0.228125 0.07890625 0.09270833333333334
0 0.919921875 0.13958333333333334 0.096875 0.09479166666666666
2 0.18984375 0.6286458333333333 0.1734375 0.4708333333333333
2 0.294921875 0.5338541666666666 0.1484375 0.3458333333333333
2 0.4125 0.48125 0.10703125 0.21979166666666666
2 0.501171875 0.4609375 0.10390625 0.22395833333333334
2 0.712890625 0.4390625 0.125 0.240625
2 0.809765625 0.5166666666666667 0.14375 0.39479166666666665
2 0.925390625 0.3703125 0.14921875 0.25729166666666664