0 0.031775000000000005 0.3486 0.06145 0.061099999999999995
0 0.051574999999999996 0.30973333333333336 0.034375 0.0361
0 0.08595000000000001 0.33680000000000004 0.03855 0.04306666666666667
0 0.221875 0.30763333333333337 0.047925 0.05416666666666667
0 0.19010000000000002 0.30973333333333336 0.02395 0.0389
0 0.3099 0.29236666666666666 0.03855 0.03473333333333333
0 0.34115 0.31736666666666663 0.044800000000000006 0.05416666666666667
0 0.410425 0.29723333333333335 0.03125 0.03333333333333333
0 0.42395000000000005 0.3159666666666667 0.0375 0.0375
0 0.548425 0.3257 0.051050000000000005 0.0514
0 0.634375 0.29723333333333335 0.04375 0.041666666666666664
0 0.7198 0.34026666666666666 0.075 0.08056666666666668
0 0.856775 0.31873333333333337 0.0698 0.06526666666666667
2 0.845325 0.4826333333333333 0.11145 0.18473333333333333
2 0.6994750000000001 0.5326333333333333 0.1323 0.23473333333333335
2 0.628125 0.39026666666666665 0.041675000000000004 0.10556666666666667
2 0.5427000000000001 0.4396 0.066675 0.14026666666666665
2 0.421875 0.4215333333333333 0.06875 0.12916666666666668
2 0.342175 0.4159666666666667 0.07395 0.1125
2 0.21614999999999998 0.4472333333333333 0.0802 0.14723333333333333
2 0.042699999999999995 0.5117999999999999 0.085425 0.18473333333333333
2 0.09269999999999999 0.45346666666666663 0.06875 0.12916666666666668