0 0.926875 0.1125703564727955 0.06875 0.08630393996247655
0 0.6775 0.20356472795497185 0.07 0.0900562851782364
0 0.63875 0.4821763602251407 0.07125 0.0975609756097561
0 0.615 0.24765478424015008 0.06 0.0900562851782364
0 0.586875 0.2701688555347092 0.03 0.058161350844277676
0 0.255625 0.3330206378986867 0.065 0.08442776735459662
0 0.206875 0.3433395872420263 0.05375 0.07317073170731707
1 0.115625 0.37617260787992496 0.06125 0.11069418386491557
1 0.073125 0.4090056285178236 0.06 0.10881801125703565
1 0.829375 0.2223264540337711 0.05875 0.09193245778611632
1 0.72125 0.23358348968105067 0.05625 0.08442776735459662
2 0.928125 0.2804878048780488 0.08875 0.19699812382739212
2 0.825625 0.3330206378986867 0.0925 0.18386491557223264
2 0.7025 0.3724202626641651 0.09875 0.19887429643527205
2 0.48125 0.41275797373358347 0.07875 0.19887429643527205
2 0.375 0.5290806754221389 0.105 0.225140712945591
2 0.26 0.5262664165103189 0.09125 0.24953095684803
2 0.123125 0.5337711069418386 0.1 0.20637898686679174
2 0.07625 0.549718574108818 0.07375 0.22138836772983114