0 0.3261538461538461 0.22063492063492063 0.12615384615384614 0.2
0 0.1646153846153846 0.14444444444444443 0.1523076923076923 0.20952380952380953
3 0.3269230769230769 0.7587301587301587 0.16923076923076924 0.473015873015873
3 0.1476923076923077 0.746031746031746 0.28307692307692306 0.5079365079365079
1 0.6723076923076923 0.7126984126984127 0.026153846153846153 0.06031746031746032
1 0.5723076923076923 0.7047619047619048 0.021538461538461538 0.05714285714285714
1 0.6423076923076924 0.834920634920635 0.015384615384615385 0.0380952380952381
1 0.6246153846153846 0.8174603174603174 0.02 0.04126984126984127
1 0.8846153846153846 0.6904761904761905 0.018461538461538463 0.04126984126984127
1 0.8592307692307692 0.7142857142857143 0.018461538461538463 0.047619047619047616
2 0.6784615384615384 0.8063492063492064 0.04461538461538461 0.13968253968253969
2 0.5738461538461539 0.792063492063492 0.04153846153846154 0.12063492063492064
2 0.6492307692307693 0.8857142857142857 0.023076923076923078 0.08571428571428572
2 0.6253846153846154 0.873015873015873 0.024615384615384615 0.07936507936507936
2 0.88 0.753968253968254 0.033846153846153845 0.09206349206349207
2 0.8523076923076923 0.765079365079365 0.026153846153846153 0.08253968253968254