0 0.12222222222222222 0.09833333333333333 0.2222222222222222 0.19666666666666666
0 0.4677777777777778 0.19833333333333333 0.16 0.16666666666666666
0 0.33444444444444443 0.2816666666666667 0.03333333333333333 0.06
0 0.61 0.19166666666666668 0.11555555555555555 0.14
0 0.7944444444444444 0.20333333333333334 0.13555555555555557 0.17333333333333334
0 0.9011111111111111 0.21666666666666667 0.09555555555555556 0.11666666666666667
0 0.6577777777777778 0.6083333333333333 0.13111111111111112 0.24
2 0.4388888888888889 0.5883333333333334 0.19333333333333333 0.43
2 0.08444444444444445 0.6466666666666666 0.1688888888888889 0.6333333333333333
2 0.1988888888888889 0.6466666666666666 0.16 0.5466666666666666
2 0.8111111111111111 0.5633333333333334 0.18222222222222223 0.38
2 0.9377777777777778 0.55 0.11777777777777777 0.41
3 0.3188888888888889 0.36333333333333334 0.05555555555555555 0.12