0 0.37136 0.3566566265060241 0.0809 0.09445783132530121
0 0.11364 0.14650602409638555 0.07818000000000001 0.07939759036144578
0 0.21681999999999998 0.16156626506024097 0.044539999999999996 0.05475903614457831
0 0.39136000000000004 0.2519277108433735 0.07728 0.07120481927710844
0 0.47954 0.17045180722891567 0.0591 0.056144578313253014
0 0.52864 0.21289156626506026 0.060899999999999996 0.06433734939759037
0 0.71 0.22385542168674696 0.0709 0.06981927710843373
0 0.73546 0.3552710843373494 0.07818000000000001 0.08352409638554217
0 0.8641 0.2793072289156627 0.08818000000000001 0.07939759036144578
0 0.77046 0.219066265060241 0.0591 0.07120481927710844
2 0.36136 0.6530722891566265 0.17182 0.3532228915662651
2 0.0709 0.4894578313253012 0.13636 0.24231927710843373
2 0.71136 0.6715361445783132 0.15181999999999998 0.35186746987951806
2 0.85954 0.6256927710843373 0.16090000000000002 0.4107228915662651
2 0.5491 0.4497590361445783 0.12728 0.2341265060240964
1 0.05864 0.3025602409638554 0.07 0.14512048192771085