0 0.4572638888888889 0.30200000000000005 0.05127777777777778 0.10255555555555557
0 0.6137777777777778 0.2777777777777778 0.05448611111111111 0.09116666666666666
0 0.9428472222222223 0.13033333333333333 0.09936111111111112 0.10114814814814814
0 0.0817361111111111 0.13105555555555554 0.03525 0.034185185185185187
0 0.2553472222222222 0.14957407407407405 0.021361111111111112 0.02564814814814815
0 0.3803472222222223 0.13033333333333333 0.01923611111111111 0.02137037037037037
0 0.4487222222222222 0.12677777777777777 0.021361111111111112 0.014240740740740741
0 0.18055555555555555 0.14387037037037037 0.029916666666666664 0.03133333333333334
3 0.6896388888888889 0.3668148148148148 0.09508333333333333 0.2037037037037037
3 0.9364305555555555 0.34329629629629627 0.12072222222222223 0.24787037037037035
3 0.4123888888888889 0.3547037037037037 0.05341666666666667 0.1965740740740741
3 0.0817361111111111 0.23077777777777778 0.05876388888888889 0.11396296296296296
3 0.024041666666666666 0.2492962962962963 0.04808333333333333 0.11966666666666667
3 0.4743611111111111 0.2079814814814815 0.03205555555555555 0.07977777777777778
3 0.6068333333333333 0.20014814814814816 0.03205555555555555 0.05555555555555555
3 0.6778888888888889 0.19942592592592592 0.03098611111111111 0.07977777777777778
3 0.7708333333333334 0.20512962962962963 0.026708333333333334 0.07407407407407407
2 0.2574722222222222 0.2272037037037037 0.04701388888888889 0.0982962962962963
2 0.20833333333333334 0.21581481481481482 0.04701388888888889 0.08403703703703704
2 0.5170972222222222 0.21366666666666667 0.042736111111111114 0.10255555555555557
2 0.5635694444444445 0.20868518518518517 0.04808333333333333 0.08688888888888889
1 0.521361111111111 0.14885185185185185 0.02563888888888889 0.03275925925925926
1 0.5715833333333333 0.15100000000000002 0.017097222222222222 0.034185185185185187