0 0.7562225475841874 0.541015625 0.05710102489019034 0.0283203125
0 0.12884333821376281 0.38525390625 0.0849194729136164 0.04296875
0 0.21669106881405564 0.24072265625 0.0746705710102489 0.041015625
0 0.2679355783308931 0.142578125 0.07027818448023426 0.037109375
0 0.34553440702781846 0.06396484375 0.07320644216691069 0.0390625
0 0.2957540263543192 0.1103515625 0.05710102489019034 0.03125
0 0.5651537335285505 0.54736328125 0.043923865300146414 0.033203125
0 0.7020497803806734 0.5498046875 0.03806734992679356 0.029296875
3 0.4868228404099561 0.6123046875 0.09077598828696926 0.0947265625
3 0.5732064421669106 0.603515625 0.07174231332357248 0.0732421875
3 0.7445095168374817 0.62890625 0.09663250366032211 0.087890625
3 0.6530014641288433 0.58984375 0.05710102489019034 0.060546875
3 0.19326500732064422 0.34814453125 0.1683748169838946 0.134765625
3 0.2569546120058565 0.24365234375 0.15666178623718888 0.1083984375