0 0.7592532942898976 0.5322265625 0.05437774524158126 0.02650390625
0 0.12026354319180088 0.39830078125 0.08156661786237189 0.040458984375
0 0.19661786237188872 0.25111328125 0.07111273792093704 0.0390625
0 0.24054172767203513 0.1513671875 0.06692532942898975 0.034873046875
0 0.3116544655929722 0.069755859375 0.07111273792093704 0.03626953125
0 0.26563689604685214 0.117880859375 0.05437774524158126 0.029296875
0 0.5689165446559297 0.54478515625 0.04183016105417277 0.03208984375
0 0.7059150805270864 0.542685546875 0.035563689604685214 0.027900390625
3 0.49571010248901903 0.61244140625 0.08366032210834554 0.092080078125
3 0.5814641288433382 0.6005859375 0.06692532942898975 0.07115234375
3 0.7540263543191801 0.6201171875 0.08994143484626647 0.08509765625
3 0.6598975109809663 0.584541015625 0.052284040995607614 0.05859375
3 0.1819765739385066 0.35923828125 0.15896046852122986 0.12974609375
3 0.23739385065885796 0.252509765625 0.14850658857979504 0.103232421875