0 0.181725 0.34709193245778613 0.073075 0.07649155722326455
0 0.49231250000000004 0.419249530956848 0.0403875 0.062063789868667917
0 0.6610625 0.5325515947467168 0.064425 0.11834896810506566
0 0.45 0.711500938086304 0.0326875 0.049061913696060035
0 0.454325 0.6609943714821763 0.035575 0.043302063789868665
0 0.4552875 0.6140900562851782 0.029812500000000002 0.04185741088180112
0 0.4533625 0.5585178236397749 0.031724999999999996 0.051951219512195126
0 0.45 0.5173921200750469 0.0403875 0.07938086303939963
0 0.376925 0.7042776735459663 0.030775 0.04041275797373358
1 0.08606249999999999 0.31894934333958724 0.0451875 0.075046904315197
1 0.22885000000000003 0.38461538461538464 0.034612500000000004 0.07649155722326455
1 0.4072125 0.3788367729831144 0.0548125 0.09091932457786117
1 0.5346125 0.37090056285178236 0.0865375 0.14142589118198873
1 0.60385 0.38390243902439025 0.055775 0.1125703564727955
1 0.6658625 0.37523452157598497 0.0451875 0.08658536585365853
1 0.7389375 0.33699812382739214 0.0548125 0.10823639774859287
1 0.8149 0.3225515947467167 0.05865 0.10823639774859287
1 0.89375 0.3975984990619137 0.06634999999999999 0.10534709193245778
1 0.968275 0.3297748592870544 0.0634625 0.12266416510318949
2 0.061537499999999995 0.499343339587242 0.1 0.2799812382739212
2 0.1841375 0.5816135084427767 0.09135 0.27133208255159474
2 0.2389375 0.5029643527204503 0.052887500000000004 0.16885553470919323
2 0.39615 0.515234521575985 0.073075 0.19339587242026265
2 0.5341375 0.5845028142589118 0.1201875 0.2770919324577861
2 0.6048125 0.5412007504690431 0.0634625 0.23380863039399627
2 0.8091375 0.5224390243902438 0.1125 0.2655534709193246
2 0.9052875 0.5404878048780487 0.089425 0.19195121951219513
2 0.9855750000000001 0.5412007504690431 0.028849999999999997 0.23956848030018763
2 0.719225 0.481313320825516 0.055775 0.18906191369606004
0 0.1226 0.3810131332082552 0.03365 0.054840525328330204