0 0.04875 0.2733333333333333 0.0675 0.07
0 0.0725 0.23833333333333334 0.0375 0.04
0 0.10375 0.27 0.0425 0.05
0 0.24125 0.2633333333333333 0.0525 0.06
0 0.21 0.26 0.0275 0.043333333333333335
0 0.33 0.2633333333333333 0.0425 0.04
0 0.35875 0.29333333333333333 0.05 0.06
0 0.43 0.285 0.035 0.03666666666666667
0 0.44125 0.305 0.04 0.043333333333333335
0 0.56375 0.335 0.055 0.06
0 0.6525 0.32 0.0475 0.05
0 0.7325 0.37666666666666665 0.0825 0.09333333333333334
0 0.87125 0.37833333333333335 0.075 0.07666666666666666
2 0.84375 0.5383333333333333 0.1275 0.2
2 0.695 0.565 0.1525 0.25333333333333335
2 0.6375 0.4116666666666667 0.05 0.11
2 0.5475 0.44666666666666666 0.08 0.15
2 0.43 0.41 0.08 0.14
2 0.35125 0.39166666666666666 0.0825 0.12333333333333334
2 0.2225 0.40166666666666667 0.0925 0.16
2 0.0475 0.435 0.095 0.19666666666666666
2 0.1 0.3883333333333333 0.08 0.14