0 0.213 0.07957957957957958 0.138 0.14114114114114115
0 0.421 0.1006006006006006 0.11 0.1111111111111111
0 0.537 0.25675675675675674 0.08 0.09309309309309309
0 0.617 0.27177177177177175 0.08 0.0990990990990991
0 0.697 0.23873873873873874 0.096 0.12612612612612611
1 0.711 0.5840840840840841 0.248 0.42042042042042044
1 0.793 0.30180180180180183 0.152 0.26126126126126126
1 0.435 0.27177177177177175 0.148 0.24324324324324326
2 0.288 0.6846846846846847 0.274 0.6006006006006006
2 0.084 0.46846846846846846 0.116 0.42342342342342343
2 0.9 0.6381381381381381 0.198 0.40540540540540543