0 0.51875 0.2953703703703704 0.0625 0.1111111111111111
0 0.36180555555555555 0.30462962962962964 0.06388888888888888 0.10185185185185185
0 0.03680555555555556 0.22685185185185186 0.07361111111111111 0.12037037037037036
0 0.8701388888888889 0.04814814814814815 0.03888888888888889 0.040740740740740744
0 0.7006944444444444 0.10277777777777777 0.02361111111111111 0.02962962962962963
0 0.575 0.11018518518518519 0.020833333333333332 0.025925925925925925
0 0.5069444444444444 0.12037037037037036 0.022222222222222223 0.018518518518518517
0 0.7736111111111111 0.08148148148148149 0.03333333333333333 0.037037037037037035
3 0.2972222222222222 0.4083333333333333 0.11805555555555555 0.22037037037037038
3 0.0625 0.4351851851851852 0.125 0.27037037037037037
3 0.5694444444444444 0.33796296296296297 0.0763888888888889 0.20555555555555555
3 0.88125 0.14722222222222223 0.07083333333333333 0.12407407407407407
3 0.9409722222222222 0.1527777777777778 0.06111111111111111 0.12777777777777777
3 0.4909722222222222 0.2064814814814815 0.041666666666666664 0.08518518518518518
3 0.3590277777777778 0.22592592592592592 0.0375 0.06111111111111111
3 0.28888888888888886 0.23981481481481481 0.04027777777777778 0.08518518518518518
3 0.19791666666666666 0.26481481481481484 0.034722222222222224 0.07962962962962963
2 0.7076388888888889 0.17962962962962964 0.058333333333333334 0.10740740740740741
2 0.7548611111111111 0.15833333333333333 0.05694444444444444 0.09259259259259259
2 0.44930555555555557 0.22037037037037038 0.05416666666666667 0.1111111111111111
2 0.4027777777777778 0.22592592592592592 0.058333333333333334 0.0962962962962963
1 0.4375 0.1574074074074074 0.029166666666666667 0.037037037037037035
1 0.38819444444444445 0.17037037037037037 0.020833333333333332 0.037037037037037035