0 0.767 0.06306306306306306 0.142 0.12612612612612611
0 0.561 0.09309309309309309 0.114 0.12012012012012012
0 0.452 0.26126126126126126 0.082 0.0990990990990991
0 0.372 0.28378378378378377 0.084 0.10510510510510511
0 0.291 0.25975975975975973 0.1 0.13213213213213212
1 0.293 0.6051051051051051 0.264 0.43843843843843844
1 0.199 0.3333333333333333 0.162 0.2732732732732733
1 0.555 0.26426426426426425 0.156 0.2552552552552553
2 0.72 0.6621621621621622 0.298 0.6186186186186187
2 0.914 0.42492492492492495 0.134 0.4264264264264264
2 0.108 0.6801801801801802 0.214 0.42042042042042044