0 0.5652777777777778 0.31296296296296294 0.0625 0.1111111111111111
0 0.41388888888888886 0.2564814814814815 0.06388888888888888 0.10185185185185185
0 0.10625 0.05092592592592592 0.10972222222222222 0.10185185185185185
0 0.95625 0.22314814814814815 0.03888888888888889 0.040740740740740744
0 0.7826388888888889 0.20462962962962963 0.02361111111111111 0.02962962962962963
0 0.6618055555555555 0.16018518518518518 0.020833333333333332 0.025925925925925925
0 0.5944444444444444 0.14166666666666666 0.022222222222222223 0.018518518518518517
0 0.8576388888888888 0.21481481481481482 0.03333333333333333 0.037037037037037035
3 0.3284722222222222 0.3287037037037037 0.11805555555555555 0.22037037037037038
3 0.0875 0.25462962962962965 0.1486111111111111 0.27037037037037037
3 0.6034722222222222 0.375 0.0763888888888889 0.20555555555555555
3 0.9444444444444444 0.3212962962962963 0.07083333333333333 0.12407407407407407
3 0.9840277777777777 0.3509259259259259 0.03194444444444444 0.12777777777777777
3 0.5597222222222222 0.21666666666666667 0.041666666666666664 0.08518518518518518
3 0.42986111111111114 0.1814814814814815 0.0375 0.06111111111111111
3 0.3597222222222222 0.16574074074074074 0.04027777777777778 0.08518518518518518
3 0.2673611111111111 0.15185185185185185 0.034722222222222224 0.07962962962962963
2 0.7715277777777778 0.2814814814814815 0.058333333333333334 0.10740740740740741
2 0.8215277777777777 0.28055555555555556 0.05694444444444444 0.09259259259259259
2 0.5166666666666667 0.21388888888888888 0.05416666666666667 0.1111111111111111
2 0.47152777777777777 0.19907407407407407 0.058333333333333334 0.0962962962962963
1 0.5201388888888889 0.14907407407407408 0.029166666666666667 0.037037037037037035
1 0.4701388888888889 0.14074074074074075 0.020833333333333332 0.037037037037037035