0 0.38 0.34036144578313254 0.086 0.10542168674698796
0 0.136 0.0963855421686747 0.082 0.09036144578313253
0 0.237 0.125 0.048 0.060240963855421686
0 0.406 0.23795180722891565 0.082 0.08132530120481928
0 0.499 0.1686746987951807 0.062 0.06325301204819277
0 0.545 0.2183734939759036 0.064 0.07228915662650602
0 0.725 0.25301204819277107 0.074 0.0783132530120482
0 0.743 0.3870481927710843 0.082 0.09337349397590361
0 0.875 0.32831325301204817 0.092 0.09036144578313253
0 0.786 0.2560240963855422 0.062 0.0783132530120482
2 0.353 0.6340361445783133 0.192 0.37349397590361444
2 0.074 0.43373493975903615 0.148 0.25903614457831325
2 0.701 0.6987951807228916 0.172 0.3704819277108434
2 0.851 0.6716867469879518 0.184 0.4307228915662651
2 0.552 0.4563253012048193 0.14 0.25
1 0.072 0.24548192771084337 0.078 0.1536144578313253