0 0.166875 0.45872420262664165 0.0825 0.09943714821763602
0 0.480625 0.42401500938086306 0.04875 0.075046904315197
0 0.661875 0.4774859287054409 0.08 0.13696060037523453
0 0.483125 0.723264540337711 0.03875 0.058161350844277676
0 0.479375 0.6726078799249531 0.04125 0.054409005628517824
0 0.47375 0.626641651031895 0.035 0.05065666041275797
0 0.463125 0.573170731707317 0.03875 0.06191369606003752
0 0.45375 0.5337711069418386 0.05125 0.0900562851782364
0 0.410625 0.7401500938086304 0.03625 0.05065666041275797
1 0.069375 0.4634146341463415 0.055 0.08818011257035648
1 0.21875 0.4793621013133208 0.045 0.08630393996247655
1 0.39125 0.41369606003752346 0.0675 0.10694183864915573
1 0.514375 0.3621013133208255 0.105 0.1669793621013133
1 0.58375 0.3517823639774859 0.07125 0.1275797373358349
1 0.643125 0.3227016885553471 0.0575 0.09943714821763602
1 0.708125 0.2607879924953096 0.07 0.12382739212007504
1 0.78 0.22045028142589118 0.07375 0.12570356472795496
1 0.868125 0.2673545966228893 0.08 0.12570356472795496
1 0.930625 0.17636022514071295 0.08 0.14071294559099437
2 0.0725 0.6472795497185742 0.14 0.3058161350844278
2 0.204375 0.6857410881801126 0.13 0.2945590994371482
2 0.24625 0.5909943714821764 0.07625 0.18198874296435272
2 0.40125 0.549718574108818 0.1 0.21388367729831145
2 0.545625 0.5703564727954972 0.15875 0.31144465290806755
2 0.608125 0.5046904315196998 0.0975 0.24953095684803
2 0.804375 0.4174484052532833 0.15 0.2964352720450281
2 0.90125 0.4024390243902439 0.11625 0.2176360225140713
2 0.97375 0.37523452157598497 0.0525 0.24390243902439024
2 0.710625 0.4080675422138837 0.0825 0.2026266416510319
0 0.114375 0.5112570356472795 0.04125 0.06566604127579738