0 0.3038461538461538 0.29365079365079366 0.14153846153846153 0.24444444444444444
0 0.13846153846153847 0.2841269841269841 0.1676923076923077 0.26666666666666666
3 0.35384615384615387 0.7777777777777778 0.20923076923076922 0.4444444444444444
3 0.17846153846153845 0.7888888888888889 0.3230769230769231 0.4222222222222222
1 0.6892307692307692 0.6412698412698413 0.03230769230769231 0.06984126984126984
1 0.59 0.6730158730158731 0.026153846153846153 0.06349206349206349
1 0.6707692307692308 0.773015873015873 0.018461538461538463 0.044444444444444446
1 0.6515384615384615 0.7634920634920634 0.023076923076923078 0.047619047619047616
1 0.8953846153846153 0.5349206349206349 0.021538461538461538 0.047619047619047616
1 0.8723076923076923 0.5698412698412698 0.023076923076923078 0.05396825396825397
2 0.703076923076923 0.7301587301587301 0.05692307692307692 0.15555555555555556
2 0.5992307692307692 0.7587301587301587 0.05076923076923077 0.13333333333333333
2 0.6823076923076923 0.819047619047619 0.03076923076923077 0.09206349206349207
2 0.6576923076923077 0.8174603174603174 0.03076923076923077 0.08571428571428572
2 0.8969230769230769 0.6 0.04153846153846154 0.10476190476190476
2 0.87 0.6206349206349207 0.03230769230769231 0.09206349206349207