0 0.034612500000000004 0.23018761726078799 0.061537499999999995 0.07071294559099436
0 0.2908625 0.25399624765478424 0.0625 0.075046904315197
0 0.3610625 0.5188367729831145 0.0625 0.08227016885553472
0 0.3576875 0.28142589118198874 0.051925 0.07793621013133208
0 0.387975 0.2965853658536586 0.0240375 0.05339587242026267
0 0.72115 0.27204502814258913 0.057687499999999996 0.07071294559099436
0 0.770675 0.26915572232645407 0.047112499999999995 0.062063789868667917
1 0.864425 0.2778236397748593 0.05 0.09958724202626641
1 0.9101 0.29947467166979364 0.0490375 0.09669793621013133
1 0.14375 0.3124577861163227 0.0509625 0.07938086303939963
1 0.2514375 0.295140712945591 0.0490375 0.07360225140712945
2 0.052887500000000004 0.3954409005628518 0.06922500000000001 0.18183864915572234
2 0.16010000000000002 0.4199812382739212 0.07403749999999999 0.1674108818011257
2 0.285575 0.4271857410881801 0.07885 0.18183864915572234
2 0.508175 0.40915572232645403 0.05865 0.18617260787992496
2 0.6264375 0.49647279549718576 0.08172499999999999 0.2078236397748593
2 0.739425 0.46326454033771103 0.0653875 0.23667917448405254
2 0.875 0.4351219512195122 0.07885 0.18906191369606004
2 0.9230750000000001 0.4387429643527204 0.05 0.21071294559099438