0 0.05875 0.24166666666666667 0.0675 0.07333333333333333
0 0.08375 0.20833333333333334 0.0375 0.043333333333333335
0 0.11375 0.24333333333333335 0.0425 0.05
0 0.25125 0.24666666666666667 0.055 0.06333333333333334
0 0.22 0.24166666666666667 0.0275 0.043333333333333335
0 0.34 0.25166666666666665 0.0425 0.043333333333333335
0 0.3675 0.2833333333333333 0.05 0.06333333333333334
0 0.43875 0.28 0.035 0.04
0 0.44875 0.3016666666666667 0.0425 0.04666666666666667
0 0.57 0.34 0.0575 0.06333333333333334
0 0.65875 0.33166666666666667 0.0475 0.05
0 0.7375 0.3933333333333333 0.085 0.09666666666666666
0 0.875 0.4033333333333333 0.0775 0.08
2 0.8425 0.5633333333333334 0.135 0.20666666666666667
2 0.6925 0.5783333333333334 0.16 0.2633333333333333
2 0.64 0.4216666666666667 0.055 0.11333333333333333
2 0.55 0.45 0.085 0.15333333333333332
2 0.43375 0.405 0.085 0.14333333333333334
2 0.355 0.38 0.0875 0.12666666666666668
2 0.2275 0.38166666666666665 0.0975 0.16333333333333333
2 0.05 0.405 0.1 0.20333333333333334
2 0.105 0.36 0.085 0.14333333333333334