0 0.80125 0.28236397748592873 0.08 0.09193245778611632
0 0.5 0.41838649155722324 0.04625 0.06941838649155722
0 0.34375 0.5656660412757973 0.075 0.13133208255159476
0 0.569375 0.698874296435272 0.0375 0.05628517823639775
0 0.56 0.650093808630394 0.03875 0.05065666041275797
0 0.555 0.6031894934333959 0.03375 0.04690431519699812
0 0.551875 0.5478424015009381 0.03625 0.058161350844277676
0 0.55125 0.5065666041275797 0.0475 0.08630393996247655
0 0.640625 0.6763602251407129 0.03375 0.04690431519699812
1 0.893125 0.23452157598499063 0.05125 0.08442776735459662
1 0.7575 0.32926829268292684 0.04125 0.0825515947467167
1 0.580625 0.3602251407129456 0.0625 0.10131332082551595
1 0.45375 0.3789868667917448 0.09875 0.1575984990619137
1 0.38625 0.4071294559099437 0.06625 0.12382739212007504
1 0.324375 0.41088180112570355 0.0525 0.09568480300187618
1 0.248125 0.3883677298311445 0.06375 0.11819887429643527
1 0.171875 0.3902439024390244 0.0675 0.1200750469043152
1 0.100625 0.4812382739212008 0.075 0.11819887429643527
1 0.028125 0.42870544090056284 0.05625 0.13320825515947468
2 0.934375 0.4080675422138837 0.125 0.29831144465290804
2 0.820625 0.5150093808630394 0.115 0.2870544090056285
2 0.75875 0.44840525328330205 0.0675 0.17823639774859287
2 0.604375 0.49343339587242024 0.09 0.20637898686679174
2 0.47375 0.5909943714821764 0.145 0.300187617260788
2 0.4 0.5628517823639775 0.085 0.24390243902439024
2 0.19625 0.5872420262664165 0.13625 0.2870544090056285
2 0.1025 0.624765478424015 0.10625 0.20825515947467166
2 0.024375 0.6416510318949343 0.04875 0.24390243902439024
2 0.28125 0.5272045028142589 0.0725 0.19887429643527205
0 0.8625 0.3030018761726079 0.03875 0.06191369606003752