0 0.77578125 0.19114583333333332 0.1078125 0.109375
0 0.669921875 0.21875 0.09140625 0.08958333333333333
0 0.559765625 0.2796875 0.0765625 0.078125
0 0.46953125 0.28541666666666665 0.071875 0.0875
0 0.251953125 0.3072916666666667 0.08125 0.06979166666666667
0 0.171484375 0.321875 0.08203125 0.09791666666666667
0 0.03984375 0.27447916666666666 0.0796875 0.10104166666666667
2 0.82421875 0.5322916666666667 0.18984375 0.478125
2 0.70546875 0.4713541666666667 0.1609375 0.35208333333333336
2 0.58203125 0.4552083333333333 0.11484375 0.225
2 0.4921875 0.4625 0.11171875 0.22916666666666666
2 0.282421875 0.5046875 0.13359375 0.24791666666666667
2 0.201171875 0.609375 0.1578125 0.4010416666666667
2 0.071484375 0.5015625 0.14296875 0.265625