0 0.522 0.5042372881355932 0.06 0.062146892655367235
0 0.33 0.5225988700564972 0.076 0.07909604519774012
0 0.27 0.4957627118644068 0.044 0.04519774011299435
0 0.263 0.53954802259887 0.05 0.04519774011299435
0 0.204 0.5451977401129944 0.052 0.05649717514124294
0 0.078 0.5451977401129944 0.056 0.062146892655367235
1 0.131 0.5550847457627118 0.06 0.0903954802259887
1 0.944 0.5423728813559322 0.072 0.11016949152542373
2 0.533 0.672316384180791 0.094 0.23163841807909605
2 0.434 0.690677966101695 0.112 0.2457627118644068
2 0.322 0.731638418079096 0.124 0.288135593220339
2 0.112 0.7740112994350282 0.138 0.3107344632768362
2 0.208 0.692090395480226 0.082 0.1751412429378531