2 0.3325 0.39875 0.105 0.1925
2 0.44416666666666665 0.41625 0.1 0.19
1 0.30416666666666664 0.28375 0.04 0.045
1 0.12083333333333333 0.2775 0.03833333333333333 0.05
0 0.49583333333333335 0.30125 0.02666666666666667 0.0275
0 0.64 0.38375 0.03833333333333333 0.045
1 0.27 0.26 0.02666666666666667 0.04
2 0.20166666666666666 0.45125 0.12 0.1975
0 0.2175 0.325 0.07 0.0925
0 0.4475 0.29125 0.03666666666666667 0.0375
0 0.84 0.445 0.04 0.0525
0 0.355 0.27875 0.05333333333333334 0.0725
2 0.25833333333333336 0.3025 0.045 0.0725