0 0.0825 0.34269662921348315 0.165 0.20599250936329588
2 0.89125 0.09176029962546817 0.095 0.1348314606741573
0 0.56875 0.3895131086142322 0.045 0.04868913857677903
0 0.35125 0.5355805243445693 0.125 0.149812734082397
0 0.485 0.41760299625468167 0.0525 0.0599250936329588
0 0.89875 0.013108614232209739 0.0525 0.026217228464419477
0 0.4075 0.4400749063670412 0.0325 0.03745318352059925
3 0.775 0.0056179775280898875 0.04 0.011235955056179775
3 0.69 0.10674157303370786 0.04 0.056179775280898875
3 0.6525 0.37265917602996257 0.0525 0.052434456928838954
2 0.7325 0.1947565543071161 0.055 0.12359550561797752
2 0.52375 0.5187265917602997 0.065 0.15355805243445692
2 0.575 0.47752808988764045 0.0575 0.11235955056179775
2 0.255 0.7471910112359551 0.1975 0.31835205992509363
2 0.0975 0.7528089887640449 0.185 0.4044943820224719