2 0.32375 0.444175 0.0856 0.173625
2 0.43511666666666665 0.43200000000000005 0.08151666666666667 0.17245000000000002
1 0.2819833333333333 0.33755 0.0365 0.035375000000000004
1 0.10051666666666667 0.379175 0.0332 0.0425
0 0.4727666666666667 0.305575 0.025266666666666666 0.022324999999999998
0 0.6240166666666667 0.34907499999999997 0.03521666666666667 0.037450000000000004
1 0.24528333333333333 0.32345 0.022733333333333335 0.0334
2 0.20083333333333334 0.529575 0.10178333333333334 0.1748
0 0.20153333333333334 0.40137500000000004 0.06206666666666667 0.07635
0 0.4242 0.308625 0.03308333333333333 0.0285
0 0.8288166666666666 0.35667499999999996 0.034883333333333336 0.04385
0 0.33194999999999997 0.319525 0.046966666666666664 0.06215
2 0.23885 0.36795 0.03826666666666667 0.0623