3 0.107 0.6321321321321322 0.128 0.26126126126126126
3 0.777 0.4144144144144144 0.136 0.26126126126126126
0 0.082 0.4519519519519519 0.082 0.09009009009009009
0 0.587 0.29429429429429427 0.06 0.06906906906906907
0 0.521 0.30930930930930933 0.07 0.06906906906906907
0 0.699 0.26426426426426425 0.04 0.04804804804804805
0 0.292 0.3858858858858859 0.054 0.06306306306306306
0 0.552 0.2777777777777778 0.034 0.03303303303303303
0 0.884 0.25675675675675674 0.068 0.07807807807807808
0 0.404 0.3633633633633634 0.046 0.04804804804804805
0 0.347 0.36786786786786785 0.07 0.08408408408408409
0 0.646 0.2627627627627628 0.068 0.08408408408408409
3 0.54 0.5165165165165165 0.136 0.27927927927927926
0 0.244 0.4024024024024024 0.054 0.07507507507507508
1 0.146 0.46546546546546547 0.058 0.0990990990990991
0 0.204 0.43243243243243246 0.068 0.0960960960960961
0 0.751 0.24324324324324326 0.064 0.0960960960960961
3 0.31 0.5480480480480481 0.088 0.2012012012012012
3 0.665 0.481981981981982 0.132 0.2552552552552553
2 0.894 0.46396396396396394 0.108 0.3123123123123123
2 0.393 0.6006006006006006 0.116 0.3033033033033033
2 0.231 0.6366366366366366 0.124 0.30930930930930933