3 0.09709999999999999 0.5177477477477478 0.09992 0.2362762762762763
3 0.78326 0.4953453453453453 0.1088 0.23294294294294293
0 0.09562000000000001 0.3324024024024024 0.07379999999999999 0.07081081081081081
0 0.6110599999999999 0.3234834834834835 0.05346 0.055675675675675676
0 0.5445800000000001 0.3188888888888889 0.06398 0.05159159159159159
0 0.72478 0.32609609609609613 0.03576 0.038768768768768766
0 0.31018 0.32870870870870866 0.047659999999999994 0.051441441441441436
0 0.57912 0.29711711711711714 0.032119999999999996 0.023183183183183183
0 0.9076799999999999 0.37156156156156156 0.061579999999999996 0.061801801801801795
0 0.42268 0.33861861861861864 0.04108 0.037477477477477476
0 0.36651999999999996 0.3262162162162162 0.06346 0.06660660660660661
0 0.67386 0.30897897897897897 0.05988 0.06867867867867868
3 0.5376599999999999 0.5272072072072073 0.10632 0.2533633633633634
0 0.26145999999999997 0.33093093093093096 0.04758 0.06237237237237237
1 0.15653999999999998 0.3642942942942943 0.04846 0.0866966966966967
0 0.21818 0.3487687687687688 0.05818 0.08054054054054054
0 0.77954 0.3193993993993994 0.05546 0.08189189189189189
3 0.30728 0.49345345345345343 0.06545999999999999 0.186996996996997
3 0.6645399999999999 0.5303003003003003 0.10546 0.22795795795795795
2 0.8918200000000001 0.5773873873873874 0.0709 0.2975675675675676
2 0.38182 0.5678378378378378 0.08181999999999999 0.2839339339339339
2 0.21863999999999997 0.5575975975975976 0.08818000000000001 0.288018018018018