0 0.8986 0.21501872659176027 0.17684999999999998 0.1747940074906367
0 0.6467499999999999 0.5014606741573033 0.110175 0.14011235955056178
0 0.41805 0.41337078651685394 0.041675000000000004 0.03883895131086142
0 0.50325 0.41269662921348316 0.049075 0.05131086142322097
0 0.581475 0.4154681647940075 0.024075000000000003 0.03745318352059925
0 0.037975 0.13595505617977527 0.05 0.0499250936329588
0 0.1574 0.08599250936329589 0.033325 0.04715355805243446
0 0.256025 0.17269662921348314 0.0287 0.03191011235955056
0 0.3287 0.42239700374531836 0.04075 0.0346816479400749
0 0.918975 0.6152059925093633 0.162025 0.4092134831460674
2 0.6648149999999999 0.6089625468164793 0.6564825000000001 0.6908014981273408 0.67037 0.7518389513108614 0.69074 0.7726441947565543 0.7074075000000001 0.7268689138576779 0.7481475000000001 0.7116104868913857 0.7731475 0.7018988764044944 0.8 0.6297677902621722 0.7712975 0.7379662921348314 0.7962975 0.792063670411985 0.8425925 0.7948389513108615 0.8722225 0.7670973782771535 0.8675925 0.669996254681648 0.7972225000000001 0.5271198501872659 0.7175925 0.5187977528089888
2 0.47869999999999996 0.5236329588014982 0.0537 0.15397003745318352
2 0.38982500000000003 0.5153183520599252 0.037025 0.11513108614232209
2 0.42267499999999997 0.4993632958801499 0.037975 0.12205992509363298
2 0.575925 0.4861797752808989 0.025924999999999997 0.08183520599250937
2 0.026852499999999998 0.18449063670411986 0.0212975 0.24968913857677902 0.0370375 0.26494756554307114 0.04537 0.24275280898876403 0.06111 0.299625468164794 0.124075 0.2691086142322098 0.1083325 0.21084644194756555 0.06944499999999999 0.16229588014981272
2 0.22963 0.21639700374531834 0.19537 0.28852808988764045 0.225 0.31349812734082394 0.2620375 0.23859176029962548