3 0.103 0.6021021021021021 0.12 0.2552552552552553
3 0.78 0.4369369369369369 0.13 0.25225225225225223
0 0.084 0.4189189189189189 0.08 0.08408408408408409
0 0.594 0.30180180180180183 0.058 0.06606606606606606
0 0.527 0.3108108108108108 0.068 0.06306306306306306
0 0.706 0.2807807807807808 0.04 0.04504504504504504
0 0.296 0.36936936936936937 0.052 0.06006006006006006
0 0.56 0.2822822822822823 0.034 0.03003003003003003
0 0.892 0.2882882882882883 0.066 0.07507507507507508
0 0.408 0.35585585585585583 0.044 0.04504504504504504
0 0.352 0.35585585585585583 0.07 0.07807807807807808
0 0.654 0.2747747747747748 0.066 0.08108108108108109
3 0.54 0.5195195195195195 0.128 0.2732732732732733
0 0.248 0.38288288288288286 0.052 0.07207207207207207
1 0.147 0.4369369369369369 0.056 0.0960960960960961
0 0.207 0.4084084084084084 0.066 0.09309309309309309
0 0.76 0.2627627627627628 0.062 0.09309309309309309
3 0.309 0.5345345345345346 0.082 0.1981981981981982
3 0.666 0.4954954954954955 0.126 0.24924924924924924
2 0.895 0.4954954954954955 0.098 0.30930930930930933
2 0.389 0.5915915915915916 0.108 0.2972972972972973
2 0.227 0.6156156156156156 0.114 0.3033033033033033