0 0.9014 0.21194756554307118 0.178575 0.15329588014981274
2 0.0602 0.22363295880149814 0.08257500000000001 0.1097003745318352
0 0.417725 0.41258426966292133 0.042175000000000004 0.03460674157303371
0 0.6497750000000001 0.48820224719101124 0.112025 0.11662921348314607
0 0.5035000000000001 0.4153932584269663 0.047850000000000004 0.045692883895131084
0 0.039275000000000004 0.13644194756554306 0.047975000000000004 0.043670411985018726
0 0.5821500000000001 0.41348314606741576 0.029224999999999998 0.030449438202247193
3 0.15925 0.08670411985018726 0.035175 0.0346816479400749
3 0.25925 0.1747940074906367 0.035175 0.04438202247191011
3 0.33287500000000003 0.42239700374531836 0.047225 0.040224719101123595
2 0.229625 0.2732584269662921 0.04075 0.11374531835205993
2 0.47917499999999996 0.5250561797752809 0.047225 0.14011235955056178
2 0.4236 0.5007490636704119 0.043525 0.10265917602996255
2 0.7736 0.6665168539325843 0.162025 0.2732584269662921
2 0.928725 0.6225842696629214 0.13525 0.37131086142322095