2 0.6633333333333333 0.38625 0.11 0.1975
2 0.5533333333333333 0.41125 0.105 0.195
1 0.6883333333333334 0.26875 0.041666666666666664 0.0475
1 0.8708333333333333 0.2475 0.03833333333333333 0.0525
0 0.4975 0.30125 0.028333333333333332 0.03
0 0.3566666666666667 0.395 0.04 0.0475
1 0.7216666666666667 0.2425 0.02666666666666667 0.04
2 0.7958333333333333 0.4275 0.125 0.205
0 0.7758333333333334 0.30375 0.07166666666666667 0.095
0 0.545 0.2875 0.03666666666666667 0.04
0 0.15833333333333333 0.47125 0.04 0.055
0 0.6366666666666667 0.2675 0.055 0.0775
2 0.735 0.28375 0.04666666666666667 0.0725