0 0.4775 0.5042372881355932 0.059 0.062146892655367235
0 0.6695 0.5225988700564972 0.075 0.07909604519774012
0 0.7295 0.4957627118644068 0.045 0.04519774011299435
0 0.737 0.53954802259887 0.05 0.04519774011299435
0 0.7955 0.5459039548022598 0.051 0.05508474576271186
0 0.922 0.5444915254237288 0.056 0.06073446327683616
1 0.869 0.5550847457627118 0.06 0.0903954802259887
1 0.0555 0.5423728813559322 0.073 0.11016949152542373
2 0.467 0.6730225988700564 0.094 0.23022598870056496
2 0.5655 0.690677966101695 0.111 0.2457627118644068
2 0.6785 0.7309322033898306 0.123 0.2867231638418079
2 0.888 0.7747175141242938 0.138 0.3093220338983051
2 0.792 0.6913841807909604 0.082 0.1765536723163842