0 0.522 0.5084745762711864 0.064 0.07062146892655367
0 0.33 0.4929378531073446 0.082 0.0903954802259887
0 0.273 0.4562146892655367 0.048 0.05367231638418079
0 0.261 0.4985875706214689 0.054 0.05367231638418079
0 0.203 0.4943502824858757 0.056 0.062146892655367235
0 0.077 0.4717514124293785 0.06 0.07062146892655367
1 0.129 0.4915254237288136 0.068 0.09887005649717515
1 0.938 0.6186440677966102 0.082 0.12146892655367232
2 0.518 0.6779661016949152 0.114 0.2457627118644068
2 0.419 0.6779661016949152 0.132 0.2627118644067797
2 0.303 0.6991525423728814 0.146 0.3050847457627119
2 0.091 0.7062146892655368 0.164 0.3305084745762712
2 0.194 0.6398305084745762 0.096 0.18926553672316385