0 0.0875 0.299625468164794 0.175 0.20973782771535582
0 0.355 0.5318352059925093 0.1225 0.16104868913857678
0 0.5725 0.3970037453183521 0.045 0.04868913857677903
0 0.48875 0.41385767790262173 0.0525 0.0599250936329588
0 0.41125 0.43258426966292135 0.0275 0.04119850187265917
0 0.92375 0.04307116104868914 0.055 0.0599250936329588
0 0.80125 0.02247191011235955 0.0375 0.0449438202247191
0 0.71125 0.1254681647940075 0.0325 0.03745318352059925
0 0.6625 0.38764044943820225 0.0425 0.04119850187265917
0 0.0975 0.702247191011236 0.195 0.43820224719101125
2 0.18813154999999998 0.8633998014981273 0.23371819 0.8509990674157303 0.2534493525 0.7922156853932585 0.2149747525 0.691054606741573 0.2482667625 0.7568849999999999 0.273925655 0.7612896217228464 0.31568665500000004 0.7679053033707866 0.33644438 0.8097599438202248 0.35468337499999997 0.784910052434457 0.3627654625 0.7215710786516855 0.346911375 0.6422658988764045 0.28627137 0.5639826404494381 0.20818943 0.5888265243445693 0.151777205 0.7449845430711611 0.1562127675 0.8421060337078652 0.18813154999999998 0.8633998014981273
2 0.52375 0.5187265917602997 0.0675 0.1647940074906367
2 0.61 0.49250936329588013 0.0475 0.12359550561797752
2 0.57625 0.48314606741573035 0.05 0.12734082397003746
2 0.42375 0.50187265917603 0.0325 0.08614232209737828
2 0.92630781 0.1504664082397004 0.9366210700000001 0.1707078501872659 0.9507904100000001 0.1523161423220974 0.9392326575 0.0889103595505618 0.8949928149999999 0.0758120936329588 0.8609940174999999 0.1319981722846442 0.850817165 0.19297563670411985 0.91600435 0.2100673595505618 0.92630781 0.1504664082397004
2 0.71136235 0.19152081647940075 0.75499806 0.25797591760299626 0.7820200350000001 0.22707105992509363 0.7413926150000001 0.16278512734082395 0.71136235 0.19152081647940075