0 0.08625 0.32209737827715357 0.1725 0.21722846441947566
0 0.35625 0.5393258426966292 0.125 0.1647940074906367
0 0.57125 0.39325842696629215 0.045 0.04868913857677903
0 0.48625 0.4157303370786517 0.055 0.06367041198501873
0 0.41 0.43820224719101125 0.0275 0.0449438202247191
0 0.9125 0.026217228464419477 0.055 0.052434456928838954
0 0.78875 0.0149812734082397 0.0375 0.0299625468164794
0 0.7025 0.11423220973782772 0.0325 0.03745318352059925
0 0.66 0.3782771535580524 0.045 0.0449438202247191
0 0.1025 0.7209737827715356 0.205 0.44569288389513106
2 0.19678708 0.8794841235955057 0.24205707 0.8647074981273408 0.26040683000000003 0.8049283033707865 0.21959907999999997 0.7058404494382022 0.25440435499999997 0.7698901048689138 0.2801502225 0.7729504981273408 0.3220398975 0.7773787228464419 0.34375999999999995 0.8181225730337078 0.361408995 0.7923342097378278 0.3680106525 0.7286112621722847 0.3503187775 0.6501833033707864 0.28789207 0.5751182284644195 0.210436445 0.604029404494382 0.15769634999999999 0.7630417453183521 0.16439169499999998 0.8598721647940075 0.19678708 0.8794841235955057
2 0.52375 0.5168539325842697 0.07 0.1647940074906367
2 0.61 0.4868913857677903 0.05 0.12359550561797752
2 0.57625 0.4794007490636704 0.0525 0.13108614232209737
2 0.42375 0.5056179775280899 0.035 0.08614232209737828
2 0.9179055850000001 0.12839030337078652 0.9286840949999999 0.14808019475655432 0.9424163624999999 0.12895886516853933 0.929388585 0.0661959925093633 0.8848705649999999 0.05541873782771536 0.8522013549999999 0.11334817602996256 0.8434511975 0.17482058052434457 0.90899683 0.18849365543071162 0.9179055850000001 0.12839030337078652
2 0.704047445 0.18065788764044943 0.74920467 0.24479106367041195 0.7754902425 0.21249221722846443 0.733390005 0.15036960299625468 0.704047445 0.18065788764044943