0 0.8525 0.09737827715355805 0.195 0.1947565543071161
2 0.03875 0.36704119850187267 0.0775 0.1348314606741573
0 0.4075 0.4400749063670412 0.045 0.04868913857677903
0 0.645 0.4419475655430712 0.125 0.149812734082397
0 0.49125 0.4157303370786517 0.0525 0.0599250936329588
0 0.0125 0.28651685393258425 0.025 0.056179775280898875
0 0.56875 0.3895131086142322 0.0325 0.03745318352059925
3 0.10875 0.20224719101123595 0.04 0.0449438202247191
3 0.22 0.2565543071161049 0.04 0.056179775280898875
3 0.32625 0.4756554307116105 0.0525 0.052434456928838954
2 0.20375 0.36329588014981273 0.055 0.12359550561797752
2 0.4825 0.5318352059925093 0.065 0.15355805243445692
2 0.425 0.5243445692883895 0.0575 0.11235955056179775
2 0.79125 0.5767790262172284 0.1975 0.31835205992509363
2 0.92125 0.4868913857677903 0.1575 0.4044943820224719