2 0.15966796875 0.8111979166666666 0.189453125 0.265625
2 0.69189453125 0.23502604166666666 0.0849609375 0.17057291666666666
2 0.90625 0.18424479166666666 0.1005859375 0.14973958333333334
0 0.51953125 0.5305989583333334 0.1796875 0.14713541666666666
0 0.4521484375 0.053385416666666664 0.0498046875 0.05078125
0 0.6748046875 0.107421875 0.046875 0.041666666666666664
0 0.90673828125 0.060546875 0.0478515625 0.045572916666666664
0 0.23046875 0.9602864583333334 0.0478515625 0.04296875
0 0.55078125 0.9016927083333334 0.0625 0.061197916666666664
0 0.14599609375 0.5729166666666666 0.0966796875 0.1015625
0 0.8701171875 0.837890625 0.0654296875 0.06510416666666667
0 0.8486328125 0.4798177083333333 0.1064453125 0.109375
2 0.46923828125 0.15690104166666666 0.0859375 0.13802083333333334
0 0.814453125 0.083984375 0.046875 0.05078125
0 0.0771484375 0.15690104166666666 0.08984375 0.09765625
0 0.76123046875 0.06575520833333333 0.048828125 0.052083333333333336
2 0.15966796875 0.3600260416666667 0.2041015625 0.2747395833333333
2 0.78173828125 0.197265625 0.1298828125 0.20182291666666666
2 0.58837890625 0.7578125 0.205078125 0.13411458333333334
2 0.8603515625 0.6490885416666666 0.23046875 0.11979166666666667