3 0.25277777777777777 0.5125 0.09027777777777778 0.17291666666666666
3 0.6034722222222222 0.6072916666666667 0.13055555555555556 0.2708333333333333
0 0.9236111111111112 0.43333333333333335 0.0763888888888889 0.06875
0 0.7972222222222223 0.4114583333333333 0.07083333333333333 0.07291666666666667
0 0.9729166666666667 0.4708333333333333 0.05416666666666667 0.0625
0 0.6284722222222222 0.4041666666666667 0.06111111111111111 0.06875
0 0.16041666666666668 0.315625 0.07361111111111111 0.075
0 0.7125 0.4041666666666667 0.09444444444444444 0.08333333333333333
0 0.5763888888888888 0.38333333333333336 0.05138888888888889 0.06458333333333334
0 0.26180555555555557 0.38125 0.05 0.05
3 0.13958333333333334 0.5302083333333333 0.11805555555555555 0.28958333333333336
3 0.7048611111111112 0.621875 0.11666666666666667 0.27291666666666664
2 0.25277777777777777 0.5125 0.09027777777777778 0.17291666666666666
2 0.6034722222222222 0.6072916666666667 0.13055555555555556 0.2708333333333333
0 0.38125 0.3729166666666667 0.04583333333333333 0.05625