0 0.37222222222222223 0.41458333333333336 0.034722222222222224 0.03958333333333333
0 0.9229166666666667 0.28854166666666664 0.0375 0.04791666666666667
3 0.3236111111111111 0.5197916666666667 0.06805555555555555 0.12708333333333333
0 0.4215277777777778 0.41041666666666665 0.030555555555555555 0.03125
0 0.2298611111111111 0.43020833333333336 0.041666666666666664 0.04375
0 0.7194444444444444 0.3385416666666667 0.044444444444444446 0.052083333333333336
0 0.46805555555555556 0.36770833333333336 0.05555555555555555 0.05625
3 0.19166666666666668 0.5479166666666667 0.06527777777777778 0.14375
3 0.47638888888888886 0.48333333333333334 0.0763888888888889 0.13958333333333334
3 0.2361111111111111 0.559375 0.09166666666666666 0.1625
3 0.5569444444444445 0.46979166666666666 0.06666666666666667 0.13958333333333334
3 0.8597222222222223 0.4041666666666667 0.07916666666666666 0.13541666666666666
0 0.5479166666666667 0.35833333333333334 0.0375 0.05
0 0.6027777777777777 0.3333333333333333 0.04861111111111111 0.06041666666666667
2 0.33541666666666664 0.5145833333333333 0.06805555555555555 0.12708333333333333
2 0.7340277777777777 0.44583333333333336 0.0763888888888889 0.15
2 0.19027777777777777 0.51875 0.05694444444444444 0.0875
2 0.47638888888888886 0.48333333333333334 0.0763888888888889 0.13958333333333334
2 0.2361111111111111 0.559375 0.09166666666666666 0.1625
2 0.5569444444444445 0.46979166666666666 0.06666666666666667 0.13958333333333334