2 0.6677333333333333 0.5973815461346633 0.13471666666666665 0.319501246882793
0 0.6618833333333334 0.3076059850374065 0.10403333333333334 0.08937655860349128
0 0.33161666666666667 0.3855361596009975 0.09873333333333334 0.08157107231920199
0 0.7904666666666667 0.3822443890274314 0.11248333333333332 0.0890274314214464
2 0.5408333333333334 0.570074812967581 0.07278333333333334 0.20291770573566087
0 0.4379666666666666 0.2549127182044888 0.10926666666666666 0.13576059850374064
0 0.5236166666666667 0.3802992518703242 0.06945 0.08728179551122195
0 0.8717666666666666 0.31518703241895263 0.08055 0.11498753117206982
0 0.9490666666666667 0.2743142144638404 0.10185 0.11082294264339151
2 0.43656666666666666 0.6303740648379053 0.10833333333333334 0.41563591022443885
2 0.30648333333333333 0.674713216957606 0.05185 0.29094763092269327
2 0.9101833333333333 0.6913216957605985 0.16666666666666666 0.23830423940149625