3 0.2546805555555556 0.5509791666666667 0.07916666666666666 0.16070833333333334
3 0.6102361111111111 0.5903125 0.11363888888888887 0.253375
0 0.9167916666666667 0.3677708333333333 0.07304166666666667 0.058083333333333334
0 0.7895972222222222 0.36583333333333334 0.06680555555555556 0.0636875
0 0.9717916666666667 0.3959375 0.056416666666666664 0.05341666666666667
0 0.6212916666666667 0.3842708333333333 0.057013888888888885 0.060812500000000005
0 0.14925 0.3700625 0.06886111111111111 0.0655625
0 0.7047638888888889 0.37093750000000003 0.09022222222222222 0.06939583333333334
0 0.5678888888888889 0.37235416666666665 0.0475 0.057229166666666664
0 0.25454166666666667 0.41952083333333334 0.04790277777777778 0.0428125
3 0.14398611111111112 0.5868125000000001 0.09906944444444445 0.2763958333333333
3 0.7125 0.5888958333333334 0.09906944444444445 0.25833333333333336
2 0.2546805555555556 0.5509791666666667 0.07916666666666666 0.16070833333333334
2 0.6102361111111111 0.5903125 0.11363888888888887 0.253375
0 0.37306944444444445 0.3923333333333333 0.04248611111111111 0.04883333333333333