3 0.10740740740740741 0.39861111111111114 0.21481481481481482 0.6305555555555555
0 0.8537037037037037 0.3638888888888889 0.053703703703703705 0.06388888888888888
0 0.7564814814814815 0.4041666666666667 0.044444444444444446 0.06111111111111111
0 0.7129629629629629 0.42083333333333334 0.03148148148148148 0.041666666666666664
0 0.6194444444444445 0.5083333333333333 0.024074074074074074 0.03888888888888889
0 0.3851851851851852 0.8777777777777778 0.04259259259259259 0.05
3 0.8703703703703703 0.4638888888888889 0.05740740740740741 0.12222222222222222
3 0.7787037037037037 0.49166666666666664 0.05925925925925926 0.12777777777777777
3 0.674074074074074 0.55 0.05185185185185185 0.10833333333333334
3 0.562037037037037 0.7416666666666667 0.046296296296296294 0.09444444444444444
3 0.6268518518518519 0.5652777777777778 0.03518518518518519 0.06944444444444445
3 0.7305555555555555 0.4986111111111111 0.05555555555555555 0.14166666666666666