2 0.127294921875 0.7366015625000001 0.16416015625 0.23417968749999998
2 0.720595703125 0.27803385416666665 0.06728515625 0.15785156250000001
2 0.9383984375 0.2725911458333333 0.086318359375 0.133515625
0 0.515888671875 0.5342317708333334 0.16798828125 0.11361979166666668
0 0.505087890625 0.048984375 0.0454296875 0.0415234375
0 0.7184765625 0.148984375 0.043818359375 0.03334635416666667
0 0.953115234375 0.15074218749999999 0.044384765625 0.036875
0 0.179833984375 0.8982421875000001 0.0441796875 0.03428385416666666
0 0.503046875 0.90765625 0.05740234375 0.050481770833333335
0 0.141845703125 0.4982682291666667 0.087333984375 0.08470052083333333
0 0.8259765625 0.9107291666666667 0.05998046875 0.0533984375
0 0.846943359375 0.5527473958333333 0.097314453125 0.0897265625
2 0.510126953125 0.15446614583333332 0.071845703125 0.12393229166666668
0 0.85916015625 0.15475260416666667 0.042529296875 0.04192708333333334
0 0.12271484375 0.07326822916666667 0.08078125 0.0823828125
0 0.80900390625 0.12571614583333332 0.043974609375 0.0435546875
2 0.1780859375 0.9757552083333333 0.082041015625 0.048489583333333336
2 0.180517578125 0.29049479166666664 0.17826171875 0.24001302083333334
2 0.81380859375 0.25993489583333335 0.110546875 0.18036458333333336
2 0.5571875 0.7732942708333334 0.196396484375 0.09403645833333334
2 0.838212890625 0.72265625 0.224609375 0.0737890625