0 0.3 0.2815533980582524 0.05333333333333334 0.05825242718446602
0 0.6116666666666667 0.3786407766990291 0.07666666666666666 0.07281553398058252
0 0.74 0.4368932038834951 0.09333333333333334 0.11650485436893204
0 0.865 0.47815533980582525 0.17 0.1941747572815534
0 0.49166666666666664 0.3470873786407767 0.08333333333333333 0.10679611650485436
0 0.09333333333333334 0.15048543689320387 0.10333333333333333 0.13106796116504854
0 0.24833333333333332 0.3155339805825243 0.1 0.11165048543689321
2 0.435 0.5922330097087378 0.14666666666666667 0.28640776699029125
2 0.5616666666666666 0.6504854368932039 0.16 0.30097087378640774
2 0.85 0.8398058252427184 0.18666666666666668 0.32038834951456313
2 0.7016666666666667 0.7548543689320388 0.16 0.3446601941747573
2 0.065 0.44660194174757284 0.13 0.3300970873786408
2 0.19166666666666668 0.5703883495145631 0.14333333333333334 0.3058252427184466