2 0.835 0.365 0.1325 0.19666666666666666
2 0.22 0.5433333333333333 0.105 0.15333333333333332
2 0.6925 0.44166666666666665 0.155 0.20666666666666667
2 0.0575 0.67 0.1075 0.18333333333333332
2 0.33125 0.47333333333333333 0.085 0.12333333333333334
0 0.8025 0.20333333333333334 0.08 0.08
0 0.50875 0.31833333333333336 0.05 0.056666666666666664
0 0.67875 0.27166666666666667 0.0875 0.1
0 0.06875 0.485 0.0475 0.05
0 0.0325 0.47 0.05 0.05333333333333334
0 0.59 0.26 0.05 0.056666666666666664
0 0.0275 0.52 0.055 0.1
0 0.19625 0.41333333333333333 0.0575 0.06666666666666667
0 0.2825 0.36833333333333335 0.0425 0.05
0 0.39 0.3516666666666667 0.04 0.05
0 0.31625 0.37666666666666665 0.0575 0.06333333333333334