0 0.7325333333333333 0.36339805825242716 0.049133333333333334 0.040485436893203886
0 0.41353333333333336 0.3396601941747573 0.06923333333333333 0.04825242718446602
0 0.2790333333333333 0.3481067961165048 0.0819 0.08878640776699029
0 0.15143333333333334 0.34121359223300973 0.15046666666666667 0.1442233009708738
0 0.5357000000000001 0.3550485436893204 0.06953333333333334 0.08320388349514564
0 0.9556999999999999 0.3155339805825243 0.08856666666666667 0.10126213592233009
0 0.7757000000000001 0.4167961165048544 0.08856666666666667 0.08184466019417476
2 0.5466666666666666 0.61373786407767 0.10666666666666667 0.2538349514563107
2 0.4138 0.6213592233009708 0.11713333333333334 0.2663106796116505
2 0.09046666666666667 0.7517475728155341 0.1181 0.4077669902912621
2 0.26 0.6705825242718446 0.10856666666666667 0.31485436893203883
2 0.94 0.6192718446601941 0.10666666666666667 0.29820388349514565
2 0.7857000000000001 0.6844660194174758 0.09903333333333333 0.27601941747572817