2 0.15125 0.46166666666666667 0.11 0.17333333333333334
2 0.78125 0.465 0.0875 0.13666666666666666
2 0.30375 0.49666666666666665 0.1325 0.17666666666666667
2 0.95875 0.5433333333333333 0.0825 0.16666666666666666
2 0.66 0.4266666666666667 0.07 0.10666666666666667
0 0.1575 0.29333333333333333 0.0725 0.06333333333333334
0 0.4625 0.325 0.045 0.04666666666666667
0 0.29 0.32666666666666666 0.0775 0.08
0 0.92 0.365 0.045 0.04
0 0.9525 0.34 0.045 0.043333333333333335
0 0.37375 0.29 0.0425 0.04666666666666667
0 0.97125 0.385 0.0575 0.08333333333333333
0 0.78375 0.33 0.0525 0.05333333333333334
0 0.6925 0.31166666666666665 0.0375 0.04
0 0.58375 0.3233333333333333 0.035 0.04
0 0.66 0.3283333333333333 0.0525 0.05333333333333334