2 0.89794921875 0.646484375 0.1923828125 0.2682291666666667
2 0.25390625 0.3326822916666667 0.0869140625 0.17057291666666666
2 0.044921875 0.3776041666666667 0.08984375 0.15104166666666666
0 0.48876953125 0.537109375 0.1806640625 0.15104166666666666
0 0.43603515625 0.057291666666666664 0.0498046875 0.05078125
0 0.2392578125 0.205078125 0.0478515625 0.04296875
0 0.01611328125 0.2604166666666667 0.0322265625 0.046875
0 0.8671875 0.818359375 0.0478515625 0.044270833333333336
0 0.55029296875 0.90234375 0.0634765625 0.0625
0 0.8525390625 0.4153645833333333 0.0966796875 0.10416666666666667
0 0.232421875 0.9733072916666666 0.06640625 0.053385416666666664
0 0.1650390625 0.6321614583333334 0.107421875 0.11067708333333333
2 0.44482421875 0.162109375 0.0869140625 0.13932291666666666
0 0.1015625 0.24283854166666666 0.046875 0.05078125
0 0.8154296875 0.020833333333333332 0.08984375 0.041666666666666664
0 0.14697265625 0.203125 0.048828125 0.053385416666666664
2 0.87890625 0.8938802083333334 0.0869140625 0.06640625
2 0.787109375 0.21940104166666666 0.20703125 0.27734375
2 0.15966796875 0.3359375 0.1328125 0.203125
2 0.4794921875 0.7825520833333334 0.2060546875 0.13802083333333334
2 0.19580078125 0.7975260416666666 0.23046875 0.125