3 0.8976481481481482 0.30225 0.1967962962962963 0.5919166666666666
0 0.1361111111111111 0.44930555555555557 0.04814814814814815 0.05416666666666667
0 0.23703703703703705 0.4652777777777778 0.03888888888888889 0.05277777777777778
0 0.2810185185185185 0.4722222222222222 0.028703703703703703 0.03611111111111111
0 0.38287037037037036 0.5368055555555555 0.021296296296296296 0.034722222222222224
0 0.6523148148148148 0.8458333333333333 0.03796296296296296 0.041666666666666664
3 0.13055555555555556 0.5513888888888889 0.046296296296296294 0.11388888888888889
3 0.22407407407407406 0.5576388888888889 0.04814814814814815 0.11805555555555555
3 0.33287037037037037 0.5902777777777778 0.041666666666666664 0.1
3 0.46435185185185185 0.7534722222222222 0.03796296296296296 0.0875
3 0.3814814814814815 0.5944444444444444 0.02962962962962963 0.06388888888888888
3 0.2722222222222222 0.5520833333333334 0.04259259259259259 0.13194444444444445