0 0.9089328063241107 0.2937270341207349 0.07968379446640317 0.065249343832021
0 0.6649407114624506 0.3485301837270341 0.05223320158102767 0.05270341207349081
0 0.6594466403162056 0.2962992125984252 0.041600790513833995 0.04005249343832021
0 0.7473517786561266 0.3474278215223097 0.07177865612648221 0.07598425196850393
1 0.32816205533596843 0.5912335958005249 0.09256916996047432 0.17128608923884517
1 0.834209486166008 0.4966141732283465 0.09154150197628459 0.1478215223097113
1 0.0941304347826087 0.46829396325459316 0.046798418972332015 0.0883989501312336
1 0.5512845849802371 0.326010498687664 0.043695652173913045 0.08564304461942258
2 0.6360474308300395 0.4869553805774278 0.09881422924901186 0.19202099737532807
2 0.5455533596837945 0.45931758530183725 0.06760869565217391 0.15608923884514436
2 0.27875494071146245 0.7121259842519685 0.19970355731225295 0.11742782152230971
2 0.8830830039525691 0.7507874015748032 0.11440711462450592 0.3163517060367454
2 0.12950592885375495 0.6589238845144357 0.10088932806324111 0.23761154855643046