2 0.32916666666666666 0.5835411471321695 0.145 0.32917705735660846
0 0.345 0.2955112219451372 0.10666666666666667 0.09725685785536159
0 0.6725 0.39900249376558605 0.10166666666666667 0.08977556109725686
0 0.21416666666666667 0.35910224438902744 0.115 0.09725685785536159
2 0.45666666666666667 0.5673316708229427 0.08 0.20947630922693267
0 0.5708333333333333 0.26059850374064836 0.11333333333333333 0.14463840399002495
0 0.48083333333333333 0.3790523690773067 0.07166666666666667 0.09226932668329177
0 0.135 0.286783042394015 0.085 0.12219451371571072
0 0.059166666666666666 0.23940149625935161 0.105 0.11970074812967581
2 0.5591666666666667 0.6346633416458853 0.12333333333333334 0.4239401496259352
2 0.6875 0.6895261845386533 0.06166666666666667 0.2942643391521197
2 0.085 0.6571072319201995 0.17 0.2518703241895262