0 0.25166666666666665 0.4441747572815534 0.05333333333333334 0.05339805825242718
0 0.56 0.3155339805825243 0.07333333333333333 0.06796116504854369
0 0.6916666666666667 0.279126213592233 0.09333333333333334 0.11165048543689321
0 0.815 0.23058252427184467 0.17 0.18932038834951456
0 0.44333333333333336 0.3713592233009709 0.08 0.10194174757281553
0 0.03833333333333333 0.46601941747572817 0.07666666666666666 0.1262135922330097
0 0.21833333333333332 0.5097087378640777 0.1 0.10679611650485436
2 0.4716666666666667 0.6262135922330098 0.14333333333333334 0.2815533980582524
2 0.6033333333333334 0.5898058252427184 0.15666666666666668 0.2961165048543689
2 0.925 0.6116504854368932 0.15 0.4368932038834951
2 0.76 0.587378640776699 0.15333333333333332 0.3446601941747573
2 0.09 0.7597087378640777 0.15 0.32524271844660196
2 0.25 0.7742718446601942 0.14 0.30097087378640774