0 0.8972332015810277 0.2559055118110236 0.08300395256916997 0.07349081364829396
0 0.6561264822134387 0.3333333333333333 0.05533596837944664 0.05774278215223097
0 0.6482213438735178 0.2821522309711286 0.043478260869565216 0.04461942257217848
0 0.7391304347826086 0.32545931758530183 0.07509881422924901 0.08136482939632546
1 0.33300395256917 0.6062992125984252 0.1007905138339921 0.1784776902887139
1 0.8330039525691699 0.4658792650918635 0.09881422924901186 0.15485564304461943
1 0.09387351778656126 0.5065616797900262 0.05138339920948617 0.09186351706036745
1 0.5424901185770751 0.3215223097112861 0.04743083003952569 0.08923884514435695
2 0.6353754940711462 0.473753280839895 0.10869565217391304 0.1994750656167979
2 0.5434782608695652 0.4553805774278215 0.07509881422924901 0.16272965879265092
2 0.29051383399209485 0.7322834645669292 0.20553359683794467 0.13648293963254593
2 0.8952569169960475 0.7152230971128609 0.13043478260869565 0.32545931758530183
2 0.1383399209486166 0.6929133858267716 0.11264822134387352 0.24671916010498687