0 0.6187222222222223 0.3891666666666667 0.03234722222222222 0.0329375
0 0.0615 0.37885416666666666 0.034236111111111106 0.040854166666666664
3 0.6765694444444444 0.48239583333333336 0.058194444444444444 0.11639583333333332
0 0.5694722222222222 0.39518749999999997 0.028375 0.025666666666666667
0 0.76075 0.37420833333333337 0.03848611111111111 0.036229166666666666
0 0.2674583333333333 0.38575 0.04034722222222222 0.044458333333333336
0 0.5190972222222222 0.3624375 0.051819444444444446 0.04510416666666666
3 0.8100555555555555 0.48275 0.05345833333333334 0.13387500000000002
3 0.5220277777777778 0.4787708333333333 0.0654861111111111 0.12810416666666666
3 0.7671388888888889 0.5039791666666666 0.078375 0.14775
3 0.4407361111111111 0.48191666666666666 0.05573611111111111 0.13016666666666665
3 0.13493055555555555 0.48070833333333335 0.06798611111111111 0.12200000000000001
0 0.439375 0.3701041666666667 0.03323611111111111 0.042958333333333334
0 0.38245833333333334 0.3567916666666667 0.04408333333333333 0.050958333333333335
2 0.6645277777777777 0.479625 0.058194444444444444 0.11639583333333332
2 0.2632777777777778 0.4957083333333333 0.06420833333333333 0.13799999999999998
2 0.8082083333333333 0.45427083333333335 0.04975 0.0769375
2 0.5220277777777778 0.4787708333333333 0.0654861111111111 0.12810416666666666
2 0.7671388888888889 0.5039791666666666 0.078375 0.14775
2 0.4407361111111111 0.48191666666666666 0.05573611111111111 0.13016666666666665