0 0.30952380952380953 0.7119047619047619 0.13333333333333333 0.14047619047619048
0 0.7357142857142858 0.6369047619047619 0.13015873015873017 0.11666666666666667
3 0.3357142857142857 0.9047619047619048 0.2111111111111111 0.18095238095238095
0 0.6571428571428571 0.5511904761904762 0.1 0.16428571428571428
3 0.06428571428571428 0.3523809523809524 0.06984126984126984 0.1380952380952381
1 0.051587301587301584 0.017857142857142856 0.03650793650793651 0.03571428571428571
0 0.653968253968254 0.18095238095238095 0.04126984126984127 0.05
3 0.596031746031746 0.08452380952380953 0.031746031746031744 0.06904761904761905
0 0.8142857142857143 0.325 0.05714285714285714 0.08095238095238096
0 0.6301587301587301 0.26904761904761904 0.03968253968253968 0.06428571428571428
0 0.1761904761904762 0.039285714285714285 0.020634920634920634 0.02142857142857143
1 0.0746031746031746 0.25595238095238093 0.0380952380952381 0.06190476190476191
1 0.1007936507936508 0.16547619047619047 0.03333333333333333 0.047619047619047616
0 0.11984126984126985 0.023809523809523808 0.026984126984126985 0.02619047619047619
0 0.5349206349206349 0.03333333333333333 0.01746031746031746 0.02619047619047619
0 0.5968253968253968 0.03333333333333333 0.020634920634920634 0.023809523809523808
3 0.5341269841269841 0.08452380952380953 0.025396825396825397 0.05476190476190476
3 0.28174603174603174 0.09047619047619047 0.015873015873015872 0.07142857142857142
2 0.653968253968254 0.4 0.09047619047619047 0.14761904761904762
1 0.7357142857142858 0.17261904761904762 0.04285714285714286 0.0880952380952381