3 0.1037037037037037 0.35555555555555557 0.2074074074074074 0.6166666666666667
0 0.8592592592592593 0.4013888888888889 0.05185185185185185 0.06111111111111111
0 0.7601851851851852 0.4305555555555556 0.04259259259259259 0.058333333333333334
0 0.7166666666666667 0.44305555555555554 0.03148148148148148 0.03888888888888889
0 0.6185185185185185 0.5208333333333334 0.024074074074074074 0.03611111111111111
0 0.3685185185185185 0.8638888888888889 0.040740740740740744 0.04722222222222222
3 0.8712962962962963 0.5027777777777778 0.05185185185185185 0.11944444444444445
3 0.7777777777777778 0.5208333333333334 0.05555555555555555 0.125
3 0.6712962962962963 0.5680555555555555 0.04814814814814815 0.10555555555555556
3 0.55 0.7472222222222222 0.04259259259259259 0.09166666666666666
3 0.6231481481481481 0.5791666666666667 0.03333333333333333 0.06666666666666667
3 0.7296296296296296 0.5222222222222223 0.05 0.1361111111111111