0 0.3145396825396825 0.7221666666666666 0.12987301587301586 0.13445238095238096
0 0.739111111111111 0.6242380952380953 0.12728571428571428 0.10983333333333334
3 0.34549206349206346 0.9126666666666666 0.2069047619047619 0.17045238095238097
0 0.6579841269841269 0.5424761904761904 0.09646031746031747 0.15942857142857142
3 0.060825396825396824 0.3755714285714286 0.06620634920634921 0.13440476190476192
1 0.040317460317460314 0.036071428571428574 0.03488888888888889 0.04628571428571429
0 0.6464444444444444 0.17354761904761906 0.04036507936507937 0.047309523809523815
3 0.5862380952380952 0.08028571428571428 0.030904761904761904 0.0665
0 0.8096984126984127 0.3092142857142857 0.055587301587301595 0.07797619047619048
0 0.6248412698412698 0.26271428571428573 0.03844444444444444 0.061214285714285714
0 0.16576190476190478 0.05688095238095238 0.020888888888888887 0.019666666666666666
1 0.0690952380952381 0.278 0.037349206349206354 0.06021428571428571
1 0.0929047619047619 0.18628571428571428 0.03268253968253968 0.04480952380952381
0 0.10923809523809523 0.04411904761904762 0.02614285714285714 0.023809523809523808
0 0.5238095238095238 0.032214285714285716 0.01680952380952381 0.025214285714285713
0 0.5859047619047619 0.028 0.0196031746031746 0.022404761904761906
3 0.5247460317460317 0.08333333333333333 0.024269841269841268 0.05461904761904762
3 0.2726349206349206 0.10154761904761904 0.014936507936507937 0.07142857142857142
2 0.6517301587301587 0.39145238095238094 0.08776190476190476 0.14426190476190476
1 0.7282857142857143 0.16035714285714284 0.04107936507936508 0.08542857142857144