2 0.849325 0.4857666666666666 0.1041 0.16616666666666668
2 0.2211 0.4447 0.08352499999999999 0.13033333333333333
2 0.696675 0.5107333333333334 0.12655 0.1692
2 0.0391 0.5117999999999999 0.0782 0.16183333333333333
2 0.342575 0.4158 0.06695000000000001 0.10276666666666666
0 0.8499 0.3182333333333333 0.0698 0.05893333333333333
0 0.5442750000000001 0.3278333333333333 0.04372499999999999 0.044700000000000004
0 0.71695 0.3417 0.075475 0.07563333333333334
0 0.0862 0.3359666666666667 0.042675 0.03813333333333333
0 0.0546 0.3093666666666667 0.043825 0.0392
0 0.63375 0.29883333333333334 0.042025 0.04346666666666666
0 0.030725 0.3527666666666667 0.06145 0.08056666666666668
0 0.222925 0.3111 0.05 0.05
0 0.3151 0.2979 0.03645 0.0375
0 0.422925 0.31806666666666666 0.033325 0.0389
0 0.34635 0.31736666666666663 0.051050000000000005 0.0486