3 0.2534722222222222 0.5385416666666667 0.08333333333333333 0.16458333333333333
3 0.6083333333333333 0.5958333333333333 0.11944444444444445 0.25833333333333336
0 0.9194444444444444 0.38958333333333334 0.075 0.0625
0 0.7923611111111111 0.38125 0.06805555555555555 0.06666666666666667
0 0.9722222222222222 0.4197916666666667 0.05555555555555555 0.05625
0 0.6236111111111111 0.390625 0.058333333333333334 0.06458333333333334
0 0.1527777777777778 0.35208333333333336 0.07083333333333333 0.06875
0 0.7076388888888889 0.38125 0.09166666666666666 0.075
0 0.5708333333333333 0.37604166666666666 0.04861111111111111 0.06041666666666667
0 0.25625 0.40625 0.04861111111111111 0.04583333333333333
3 0.1423611111111111 0.5677083333333334 0.10555555555555556 0.28125
3 0.7104166666666667 0.6 0.10555555555555556 0.2625
2 0.2534722222222222 0.5385416666666667 0.08333333333333333 0.16458333333333333
2 0.6083333333333333 0.5958333333333333 0.11944444444444445 0.25833333333333336
0 0.37569444444444444 0.3854166666666667 0.043055555555555555 0.05