3 0.49267578125 0.548828125 0.142578125 0.24479166666666666
2 0.1611328125 0.5319010416666666 0.197265625 0.22786458333333334
2 0.861328125 0.6087239583333334 0.140625 0.22526041666666666
3 0.12890625 0.8880208333333334 0.1962890625 0.13802083333333334
0 0.8671875 0.4114583333333333 0.072265625 0.06901041666666667
2 0.7666015625 0.947265625 0.109375 0.10546875
3 0.46044921875 0.9368489583333334 0.1904296875 0.12630208333333334
0 0.17236328125 0.3053385416666667 0.0859375 0.08463541666666667
0 0.5068359375 0.3515625 0.0703125 0.06901041666666667
0 0.77734375 0.8268229166666666 0.0654296875 0.06640625
1 0.12548828125 0.720703125 0.080078125 0.07682291666666667
1 0.46044921875 0.7825520833333334 0.09375 0.0859375