2 0.3375 0.614713216957606 0.15 0.3316708229426434
0 0.32916666666666666 0.3254364089775561 0.10833333333333334 0.09975062344139651
0 0.6625 0.36783042394014964 0.10166666666666667 0.09226932668329177
0 0.205 0.41271820448877805 0.11666666666666667 0.09975062344139651
2 0.4625 0.57356608478803 0.08166666666666667 0.20947630922693267
0 0.5508333333333333 0.24937655860349128 0.115 0.14713216957605985
0 0.4708333333333333 0.3827930174563591 0.07333333333333333 0.09476309226932668
0 0.12083333333333333 0.3541147132169576 0.085 0.12219451371571072
0 0.0475 0.3204488778054863 0.095 0.12219451371571072
2 0.5691666666666667 0.6234413965087282 0.12666666666666668 0.42643391521197005
2 0.7008333333333333 0.6546134663341646 0.065 0.2967581047381546
2 0.1 0.7331670822942643 0.17666666666666667 0.2543640897755611