0 0.6825396825396826 0.7273809523809524 0.13174603174603175 0.1380952380952381
0 0.25952380952380955 0.6178571428571429 0.12857142857142856 0.11428571428571428
3 0.6492063492063492 0.9142857142857143 0.20952380952380953 0.17142857142857143
0 0.3412698412698413 0.5380952380952381 0.09841269841269841 0.1619047619047619
3 0.9404761904761905 0.3869047619047619 0.06825396825396825 0.1357142857142857
1 0.9650793650793651 0.047619047619047616 0.03492063492063492 0.047619047619047616
0 0.35714285714285715 0.17023809523809524 0.04126984126984127 0.047619047619047616
3 0.41904761904761906 0.07857142857142857 0.031746031746031744 0.06666666666666667
0 0.19285714285714287 0.3011904761904762 0.05714285714285714 0.07857142857142857
0 0.37777777777777777 0.25952380952380955 0.03968253968253968 0.06190476190476191
0 0.8396825396825397 0.06547619047619048 0.020634920634920634 0.01904761904761905
1 0.9333333333333333 0.2892857142857143 0.0380952380952381 0.06190476190476191
1 0.9103174603174603 0.19642857142857142 0.03333333333333333 0.04523809523809524
0 0.8960317460317461 0.05476190476190476 0.026984126984126985 0.023809523809523808
0 0.48174603174603176 0.03214285714285714 0.01746031746031746 0.02619047619047619
0 0.41984126984126985 0.02619047619047619 0.020634920634920634 0.023809523809523808
3 0.4801587301587302 0.08333333333333333 0.025396825396825397 0.05476190476190476
3 0.7317460317460317 0.10714285714285714 0.015873015873015872 0.07142857142857142
2 0.3492063492063492 0.3869047619047619 0.08888888888888889 0.14761904761904762
1 0.2753968253968254 0.15476190476190477 0.04285714285714286 0.08571428571428572