3 0.497119140625 0.54953125 0.122763671875 0.22657552083333332
2 0.166474609375 0.5865885416666666 0.1798828125 0.19964843750000003
2 0.868447265625 0.5491276041666667 0.123046875 0.20673177083333336
3 0.167265625 0.9456770833333333 0.187880859375 0.10864583333333333
0 0.856298828125 0.35250000000000004 0.067734375 0.05901041666666667
2 0.80822265625 0.9279947916666668 0.0966796875 0.1440234375
3 0.50099609375 0.9455859375000001 0.181494140625 0.108828125
0 0.157119140625 0.3597005208333333 0.07958984375 0.07255208333333334
0 0.493056640625 0.35184895833333335 0.065390625 0.05911458333333333
0 0.80513671875 0.7794401041666666 0.06037109375 0.05701822916666666
1 0.148681640625 0.7798567708333333 0.074306640625 0.06576822916666666
1 0.486650390625 0.7870312500000001 0.087890625 0.07234375