0 0.6298611111111111 0.421875 0.03611111111111111 0.041666666666666664
0 0.08194444444444444 0.26666666666666666 0.03888888888888889 0.05
3 0.6756944444444445 0.5291666666666667 0.07083333333333333 0.12916666666666668
0 0.5805555555555556 0.41458333333333336 0.030555555555555555 0.03333333333333333
0 0.7715277777777778 0.44375 0.041666666666666664 0.04583333333333333
0 0.28402777777777777 0.32708333333333334 0.044444444444444446 0.05416666666666667
0 0.5347222222222222 0.3697916666666667 0.05694444444444444 0.058333333333333334
3 0.8076388888888889 0.5635416666666667 0.06805555555555555 0.14583333333333334
3 0.5243055555555556 0.484375 0.07916666666666666 0.14375
3 0.7625 0.5739583333333333 0.09444444444444444 0.16666666666666666
3 0.44375 0.4666666666666667 0.06944444444444445 0.14166666666666666
3 0.14305555555555555 0.3854166666666667 0.08055555555555556 0.1375
0 0.45555555555555555 0.35625 0.0375 0.05
0 0.40069444444444446 0.328125 0.05 0.0625
2 0.6645833333333333 0.5229166666666667 0.07083333333333333 0.12916666666666668
2 0.2673611111111111 0.434375 0.07916666666666666 0.15208333333333332
2 0.8090277777777778 0.5354166666666667 0.058333333333333334 0.08958333333333333
2 0.5243055555555556 0.484375 0.07916666666666666 0.14375
2 0.7625 0.5739583333333333 0.09444444444444444 0.16666666666666666
2 0.44375 0.4666666666666667 0.06944444444444445 0.14166666666666666