0 0.0691699604743083 0.4015748031496063 0.08695652173913043 0.08398950131233596
0 0.31620553359683795 0.3937007874015748 0.05928853754940711 0.06561679790026247
0 0.3142292490118577 0.33989501312335957 0.04743083003952569 0.049868766404199474
0 0.23517786561264822 0.41338582677165353 0.08102766798418973 0.09186351706036745
1 0.6818181818181818 0.5459317585301837 0.11462450592885376 0.19160104986876642
1 0.17193675889328064 0.5813648293963255 0.11067193675889328 0.1679790026246719
1 0.8942687747035574 0.3661417322834646 0.05928853754940711 0.09973753280839895
1 0.424901185770751 0.3425196850393701 0.05533596837944664 0.09448818897637795
2 0.36462450592885376 0.5223097112860893 0.12450592885375494 0.2125984251968504
2 0.44960474308300397 0.47112860892388453 0.08893280632411067 0.17060367454068243
2 0.7480237154150198 0.652230971128609 0.2134387351778656 0.16535433070866143
2 0.1600790513833992 0.8372703412073491 0.15810276679841898 0.32545931758530183
2 0.8863636363636364 0.5616797900262467 0.1324110671936759 0.25984251968503935