3 0.4951171875 0.5494791666666666 0.1552734375 0.2552083333333333
2 0.8125 0.6770833333333334 0.20703125 0.24479166666666666
2 0.1318359375 0.4459635416666667 0.15234375 0.23567708333333334
3 0.755859375 0.9739583333333334 0.201171875 0.052083333333333336
0 0.17431640625 0.2571614583333333 0.0751953125 0.07682291666666667
2 0.130859375 0.8326822916666666 0.1171875 0.16796875
3 0.42919921875 0.9283854166666666 0.1943359375 0.14322916666666666
0 0.857421875 0.4576822916666667 0.0888671875 0.09244791666666667
0 0.52978515625 0.3567708333333333 0.0732421875 0.07552083333333333
0 0.15771484375 0.6888020833333334 0.068359375 0.07291666666666667
1 0.7998046875 0.87109375 0.0830078125 0.08463541666666667
1 0.46826171875 0.7845052083333334 0.09765625 0.09505208333333333