0 0.48583333333333334 0.22790055248618785 0.22 0.23204419889502761
0 0.2975 0.3812154696132597 0.17166666666666666 0.23204419889502761
0 0.2633333333333333 0.12845303867403315 0.19 0.18232044198895028
0 0.7058333333333333 0.20994475138121546 0.155 0.20441988950276244
0 0.8075 0.281767955801105 0.15 0.212707182320442
2 0.8825 0.7596685082872928 0.23166666666666666 0.48066298342541436
2 0.45916666666666667 0.7734806629834254 0.33166666666666667 0.4530386740331492
0 0.9125 0.1685082872928177 0.175 0.2983425414364641
0 0.0725 0.1878453038674033 0.14166666666666666 0.3756906077348066
0 0.16583333333333333 0.27486187845303867 0.14333333333333334 0.24033149171270718
0 0.5575 0.11187845303867404 0.205 0.22375690607734808
2 0.1475 0.787292817679558 0.19666666666666666 0.35911602209944754