0 0.2692608695652174 0.5661389961389961 0.17518840579710143 0.21498069498069497
2 0.6108840579710145 0.4354826254826255 0.08847826086956521 0.16693050193050193
0 0.5549275362318841 0.25474903474903476 0.050768115942028985 0.04737451737451737
0 0.49902898550724634 0.15386100386100388 0.04210144927536232 0.04272200772200772
0 0.36334782608695654 0.17621621621621622 0.03336231884057971 0.037625482625482626
0 0.4011014492753623 0.23496138996138996 0.0552463768115942 0.06851351351351352
0 0.5207826086956522 0.21301158301158302 0.04936231884057971 0.047915057915057915
0 0.24933333333333332 0.28337837837837837 0.05907246376811594 0.062992277992278
0 0.7742028985507247 0.4599034749034749 0.09720289855072463 0.11015444015444016
0 0.609768115942029 0.3068146718146718 0.059710144927536235 0.06945945945945946
0 0.27221739130434786 0.22345559845559845 0.04044927536231884 0.04283783783783784
0 0.3752173913043478 0.33106177606177606 0.05814492753623188 0.061621621621621624
0 0.8552898550724637 0.17262548262548263 0.030289855072463765 0.03272200772200772
0 0.6473478260869565 0.05714285714285715 0.02752173913043478 0.026312741312741313
0 0.5572608695652174 0.10523166023166022 0.020695652173913042 0.020405405405405405
3 0.6387101449275362 0.12754826254826254 0.043478260869565216 0.08963320463320464
3 0.42391304347826086 0.11513513513513514 0.03830434782608696 0.0785907335907336
3 0.605072463768116 0.14065637065637066 0.03415942028985507 0.07445945945945946
2 0.7789855072463768 0.7832239382239382 0.1211159420289855 0.3502509652509653
2 0.2318840579710145 0.8488610038610038 0.1925507246376812 0.30225868725868726
0 0.0776376811594203 0.41092664092664094 0.07039130434782609 0.06619691119691119
2 0.5279565217391304 0.37714285714285717 0.07660869565217392 0.17787644787644788
2 0.8152173913043478 0.32955598455598456 0.07556521739130435 0.13513513513513514
2 0.9497971014492754 0.33783783783783783 0.08385507246376811 0.15996138996138995
1 0.9441014492753622 0.21166023166023165 0.041405797101449274 0.056544401544401546
1 0.9327101449275363 0.6998069498069498 0.13457971014492753 0.2413127413127413