0 0.9055555555555556 0.13 0.15555555555555556 0.15
2 0.9166666666666666 0.4658333333333333 0.16666666666666666 0.395
0 0.4583333333333333 0.19833333333333333 0.07333333333333333 0.06833333333333333
0 0.5094444444444445 0.2675 0.05333333333333334 0.051666666666666666
0 0.5944444444444444 0.24083333333333334 0.06444444444444444 0.07
0 0.6783333333333333 0.38083333333333336 0.09777777777777778 0.11666666666666667
2 0.43277777777777776 0.385 0.07111111111111111 0.20833333333333334
2 0.5038888888888889 0.4033333333333333 0.06666666666666667 0.14666666666666667
2 0.8016666666666666 0.39416666666666667 0.08555555555555555 0.24666666666666667
1 0.7094444444444444 0.2833333333333333 0.08555555555555555 0.12833333333333333
1 0.7961111111111111 0.215 0.09666666666666666 0.14333333333333334