0 0.7333333333333333 0.5501930501930502 0.18405797101449275 0.2277992277992278
2 0.3869565217391304 0.44305019305019305 0.09420289855072464 0.17374517374517376
0 0.4355072463768116 0.25868725868725867 0.05217391304347826 0.05019305019305019
0 0.48768115942028983 0.15444015444015444 0.043478260869565216 0.04633204633204633
0 0.6239130434782608 0.166988416988417 0.034782608695652174 0.04054054054054054
0 0.5884057971014492 0.22876447876447875 0.057971014492753624 0.07142857142857142
0 0.4681159420289855 0.21525096525096524 0.050724637681159424 0.052123552123552123
0 0.7420289855072464 0.26640926640926643 0.06086956521739131 0.06756756756756757
0 0.2246376811594203 0.47876447876447875 0.10144927536231885 0.11583011583011583
0 0.3826086956521739 0.31467181467181465 0.06231884057971015 0.07335907335907337
0 0.7166666666666667 0.20752895752895753 0.042028985507246375 0.04633204633204633
0 0.6181159420289855 0.3223938223938224 0.06086956521739131 0.06563706563706563
0 0.13260869565217392 0.19787644787644787 0.03188405797101449 0.03474903474903475
0 0.3355072463768116 0.06756756756756757 0.028985507246376812 0.02895752895752896
0 0.427536231884058 0.11003861003861004 0.021739130434782608 0.021235521235521235
3 0.3471014492753623 0.13803088803088803 0.0463768115942029 0.09266409266409266
3 0.5608695652173913 0.11003861003861004 0.042028985507246375 0.08108108108108109
3 0.38115942028985506 0.14864864864864866 0.03768115942028986 0.07722007722007722
2 0.2326086956521739 0.8021235521235521 0.13478260869565217 0.3590733590733591
2 0.7811594202898551 0.8301158301158301 0.20434782608695654 0.31467181467181465
0 0.9181159420289855 0.3812741312741313 0.07246376811594203 0.07142857142857142
2 0.4673913043478261 0.37934362934362936 0.08405797101449275 0.1833976833976834
2 0.1782608695652174 0.35135135135135137 0.08115942028985507 0.14092664092664092
2 0.04420289855072464 0.3687258687258687 0.08840579710144927 0.16602316602316602
1 0.04492753623188406 0.24324324324324326 0.043478260869565216 0.059845559845559844
1 0.07536231884057971 0.7297297297297297 0.14202898550724638 0.25096525096525096