2 0.6938444444444445 0.38843333333333335 0.10826666666666666 0.1628
2 0.21613333333333334 0.5307333333333333 0.16475555555555554 0.35483333333333333
2 0.9353555555555556 0.4282 0.12926666666666667 0.21166666666666667
0 0.7916222222222222 0.27926666666666666 0.04635555555555555 0.04543333333333333
0 0.9331555555555556 0.23446666666666668 0.05762222222222222 0.05123333333333333
2 0.790088888888889 0.38703333333333334 0.06771111111111111 0.10830000000000001
2 0.5572 0.5259333333333334 0.21502222222222223 0.31020000000000003
0 0.4974444444444444 0.5997 0.13555555555555557 0.20659999999999998
1 0.6662 0.25623333333333337 0.058333333333333334 0.0986
1 0.5407333333333334 0.28540000000000004 0.10371111111111112 0.20416666666666666
1 0.20555555555555555 0.2632 0.13517777777777779 0.16526666666666667
1 0.3449111111111111 0.30346666666666666 0.06573333333333332 0.10973333333333334
1 0.4662 0.31806666666666666 0.060177777777777774 0.13333333333333333