0 0.6483679525222552 0.2511111111111111 0.2314540059347181 0.1511111111111111
0 0.2522255192878338 0.3055555555555556 0.228486646884273 0.14
0 0.8738872403560831 0.19444444444444445 0.12166172106824925 0.1
0 0.6379821958456974 0.10111111111111111 0.1543026706231454 0.08444444444444445
0 0.4732937685459941 0.24555555555555555 0.2195845697329377 0.15333333333333332
0 0.8531157270029673 0.08666666666666667 0.09792284866468842 0.08666666666666667
0 0.456973293768546 0.11777777777777777 0.14540059347181009 0.09777777777777778
0 0.32344213649851633 0.18333333333333332 0.18694362017804153 0.11555555555555555
0 0.1142433234421365 0.24 0.20771513353115728 0.14888888888888888
2 0.7032640949554896 0.4666666666666667 0.34421364985163205 0.2111111111111111
2 0.34124629080118696 0.5555555555555556 0.34421364985163205 0.25555555555555554