0 0.730712890625 0.18842182890855458 0.18505859375 0.23377581120943952
0 0.528076171875 0.3281710914454277 0.0947265625 0.1084070796460177
0 0.640380859375 0.3396017699115044 0.0703125 0.10914454277286136
0 0.89111328125 0.06637168141592921 0.115234375 0.13274336283185842
0 0.9208984375 0.16261061946902655 0.0986328125 0.1851032448377581
0 0.824951171875 0.12831858407079647 0.0986328125 0.1224188790560472
2 0.86865234375 0.6327433628318584 0.2626953125 0.5294985250737463
2 0.181396484375 0.806047197640118 0.24755859375 0.387905604719764
1 0.171142578125 0.5047935103244838 0.15869140625 0.2581120943952802
1 0.374267578125 0.433259587020649 0.11083984375 0.1836283185840708
1 0.076904296875 0.5822271386430679 0.08544921875 0.15339233038348082