0 0.6646884272997032 0.25666666666666665 0.22551928783382788 0.14444444444444443
0 0.2655786350148368 0.2966666666666667 0.22255192878338279 0.13333333333333333
0 0.8946587537091988 0.21 0.11572700296735905 0.09777777777777778
0 0.6661721068249258 0.10777777777777778 0.1513353115727003 0.08
0 0.4910979228486647 0.24555555555555555 0.21364985163204747 0.14888888888888888
0 0.8813056379821959 0.10111111111111111 0.09495548961424333 0.08444444444444445
0 0.4836795252225519 0.11666666666666667 0.142433234421365 0.09333333333333334
0 0.3456973293768546 0.17666666666666667 0.18100890207715134 0.10888888888888888
0 0.13353115727002968 0.22555555555555556 0.20178041543026706 0.14444444444444443
2 0.7062314540059347 0.47444444444444445 0.3353115727002967 0.2
2 0.33827893175074186 0.55 0.3323442136498516 0.24666666666666667