2 0.4408482142857143 0.6111111111111112 0.16071428571428573 0.3468013468013468
2 0.7700892857142857 0.6245791245791246 0.12946428571428573 0.24242424242424243
2 0.6082589285714286 0.5757575757575758 0.12053571428571429 0.20202020202020202
0 0.5993303571428571 0.3956228956228956 0.07142857142857142 0.07407407407407407
2 0.24776785714285715 0.622895622895623 0.16517857142857142 0.37037037037037035
0 0.25223214285714285 0.3602693602693603 0.08705357142857142 0.09764309764309764
0 0.8348214285714286 0.5202020202020202 0.049107142857142856 0.05387205387205387
0 0.7555803571428571 0.4276094276094276 0.07142857142857142 0.07744107744107744
0 0.4341517857142857 0.3787878787878788 0.07366071428571429 0.08754208754208755
1 0.5457589285714286 0.41919191919191917 0.05357142857142857 0.10101010101010101
1 0.6897321428571429 0.45791245791245794 0.044642857142857144 0.08080808080808081
1 0.9698660714285714 0.4595959595959596 0.060267857142857144 0.11784511784511785
1 0.9263392857142857 0.4983164983164983 0.03794642857142857 0.07744107744107744
0 0.8671875 0.7087542087542088 0.05133928571428571 0.08754208754208755