0 0.517575 0.2495497185741088 0.0606875 0.06067542213883678
0 0.6306499999999999 0.24939962476547844 0.060125000000000005 0.06287054409005628
0 0.9325125 0.28846153846153844 0.06 0.06138836772983114
0 0.12960000000000002 0.296360225140713 0.0575875 0.05804878048780488
0 0.7737999999999999 0.30587242026266415 0.056525 0.05611632270168856
0 0.258975 0.24105065666041273 0.0522875 0.06033771106941838
3 0.9333374999999999 0.4568667917448405 0.1282625 0.19448405253283302
3 0.7730750000000001 0.445234521575985 0.09422499999999999 0.1255534709193246
3 0.6476000000000001 0.4062664165103189 0.11442500000000001 0.15153846153846154
3 0.1264375 0.45461538461538464 0.1548125 0.11545966228893058
3 0.2447125 0.4098686679174484 0.11057499999999999 0.17607879924953096