0 0.28204999999999997 0.35133470225872687 0.07165 0.07572895277207392
0 0.09098750000000001 0.336652977412731 0.0798875 0.08408624229979467
0 0.196825 0.39696098562628335 0.0736125 0.07441478439425052
0 0.19011250000000002 0.2972073921971253 0.07706249999999999 0.08063655030800822
0 0.397825 0.40716632443531825 0.069175 0.0771047227926078
0 0.7248874999999999 0.3612731006160164 0.063475 0.06850102669404518
0 0.9334375 0.40763860369609856 0.040987499999999996 0.054784394250513346
0 0.8430124999999999 0.41782340862422995 0.046662499999999996 0.05503080082135524
0 0.3458375 0.383305954825462 0.0416625 0.08213552361396304
0 0.6691625000000001 0.33675564681724846 0.038337500000000004 0.0602258726899384
3 0.09041249999999999 0.5441478439425051 0.0941625 0.23135523613963038
3 0.1958375 0.6071252566735114 0.07 0.24503080082135523
3 0.27125 0.5099178644763861 0.07416249999999999 0.1464681724845996
3 0.52625 0.5112936344969199 0.0691625 0.13825462012320328
3 0.85625 0.5345585215605749 0.0591625 0.09993839835728953
1 0.5270875 0.39835728952772076 0.055837500000000005 0.09034907597535935