0 0.505625 0.24859287054409004 0.06625 0.07317073170731707
0 0.39375 0.22420262664165103 0.065 0.075046904315197
0 0.09125 0.199812382739212 0.065 0.07317073170731707
0 0.885625 0.37617260787992496 0.0625 0.06941838649155722
0 0.246875 0.25046904315197 0.06125 0.0675422138836773
0 0.7625 0.29362101313320826 0.0575 0.07129455909943715
3 0.075 0.36679174484052535 0.145 0.21951219512195122
3 0.234375 0.3883677298311445 0.105 0.14446529080675422
3 0.3625 0.37617260787992496 0.1275 0.17448405253283303
3 0.874375 0.5328330206378987 0.16375 0.14634146341463414
3 0.76125 0.4643527204502814 0.12625 0.19699812382739212