0 0.0941 0.14102499999999998 0.09533333333333334 0.13155
0 0.3878833333333333 0.324375 0.04563333333333333 0.042325
0 0.7548166666666667 0.37355 0.0351 0.029625
2 0.2466 0.488725 0.06420000000000001 0.2121
2 0.7269833333333333 0.44832500000000003 0.06366666666666668 0.11470000000000001
0 0.33089999999999997 0.32025 0.04758333333333333 0.05365
0 0.19210000000000002 0.35235 0.03155 0.03275
2 0.32716666666666666 0.48219999999999996 0.08018333333333333 0.201325
0 0.25355 0.31829999999999997 0.058850000000000006 0.0653
2 0.18905000000000002 0.448425 0.048716666666666665 0.1005
2 0.38426666666666665 0.4375 0.0426 0.127775