0 0.2675 0.4353182751540041 0.08 0.10061601642710473
0 0.079375 0.4917864476386037 0.08875 0.11088295687885011
0 0.190625 0.5112936344969199 0.0825 0.10061601642710473
0 0.17 0.41683778234086244 0.08625 0.10677618069815195
0 0.3875 0.44763860369609854 0.0775 0.10061601642710473
0 0.7 0.2813141683778234 0.07125 0.09034907597535935
0 0.909375 0.24948665297741274 0.0475 0.06776180698151951
0 0.823125 0.2936344969199179 0.0525 0.07186858316221766
0 0.33375 0.44353182751540043 0.05125 0.0944558521560575
0 0.6425 0.2782340862422998 0.045 0.07186858316221766
3 0.106875 0.6940451745379876 0.12375 0.26078028747433263
3 0.218125 0.7166324435318275 0.10125 0.2648870636550308
3 0.27875 0.5944558521560575 0.0925 0.1704312114989733
3 0.526875 0.5010266940451745 0.08625 0.1601642710472279
3 0.851875 0.4024640657084189 0.07125 0.11909650924024641
1 0.5125 0.39117043121149897 0.06625 0.10882956878850103