0 0.5354545454545454 0.05172413793103448 0.12181818181818181 0.10344827586206896
2 0.33090909090909093 0.38992042440318303 0.2109090909090909 0.3395225464190981
3 0.5718181818181818 0.27718832891246686 0.20363636363636364 0.3395225464190981
3 0.022727272727272728 0.47214854111405835 0.045454545454545456 0.18037135278514588
0 0.8327272727272728 0.14058355437665782 0.034545454545454546 0.04509283819628647
0 0.8736363636363637 0.014588859416445624 0.038181818181818185 0.029177718832891247
0 0.16090909090909092 0.28779840848806365 0.04181818181818182 0.04509283819628647
3 0.8909090909090909 0.09946949602122016 0.07272727272727272 0.129973474801061
0 0.2681818181818182 0.14456233421750664 0.11454545454545455 0.11936339522546419
0 0.7718181818181818 0.15915119363395225 0.02909090909090909 0.03713527851458886
3 0.1409090909090909 0.4416445623342175 0.06545454545454546 0.14588859416445624
3 0.850909090909091 0.18037135278514588 0.05090909090909091 0.0636604774535809
3 0.7881818181818182 0.1989389920424403 0.045454545454545456 0.0610079575596817
0 0.40545454545454546 0.22413793103448276 0.038181818181818185 0.04774535809018567