0 0.32083333333333336 0.14577656675749318 0.205 0.22343324250681199
0 0.20833333333333334 0.09673024523160763 0.19 0.19346049046321526
0 0.22416666666666665 0.45776566757493187 0.25666666666666665 0.31607629427792916
2 0.8875 0.8583106267029973 0.185 0.28337874659400547
0 0.705 0.17574931880108993 0.20833333333333334 0.29155313351498635
2 0.9533333333333334 0.32833787465940056 0.09333333333333334 0.27520435967302453
0 0.6591666666666667 0.4536784741144414 0.16666666666666666 0.3896457765667575
2 0.71 0.8814713896457765 0.20666666666666667 0.23705722070844687
3 0.25333333333333335 0.8174386920980926 0.275 0.3079019073569482
0 0.4816666666666667 0.09264305177111716 0.18 0.18528610354223432
0 0.84 0.2356948228882834 0.15166666666666667 0.19618528610354224
1 0.8216666666666667 0.5967302452316077 0.19666666666666666 0.43869209809264303