2 0.6377777777777778 0.7083333333333334 0.20222222222222222 0.2966666666666667
2 0.38222222222222224 0.5266666666666666 0.11777777777777777 0.26
2 0.29555555555555557 0.4716666666666667 0.10222222222222223 0.19333333333333333
2 0.7755555555555556 0.9066666666666666 0.2822222222222222 0.18
0 0.9222222222222223 0.59 0.1288888888888889 0.15
2 0.9322222222222222 0.8583333333333333 0.13555555555555557 0.25666666666666665
0 0.8222222222222222 0.6466666666666666 0.14666666666666667 0.21333333333333335
0 0.41555555555555557 0.175 0.035555555555555556 0.04
2 0.49444444444444446 0.445 0.10444444444444445 0.19
0 0.4577777777777778 0.19833333333333333 0.035555555555555556 0.04
0 0.5044444444444445 0.2816666666666667 0.04666666666666667 0.05
0 0.6755555555555556 0.25833333333333336 0.07111111111111111 0.07333333333333333
0 0.6033333333333334 0.28 0.051111111111111114 0.05333333333333334
0 0.3411111111111111 0.17833333333333334 0.03333333333333333 0.03
0 0.38333333333333336 0.30333333333333334 0.06666666666666667 0.07
0 0.2222222222222222 0.25333333333333335 0.044444444444444446 0.043333333333333335
0 0.4088888888888889 0.23166666666666666 0.04 0.04666666666666667
0 0.5455555555555556 0.245 0.04 0.04666666666666667
0 0.5166666666666667 0.24666666666666667 0.035555555555555556 0.043333333333333335
0 0.29333333333333333 0.22666666666666666 0.042222222222222223 0.05
0 0.9833333333333333 0.5166666666666667 0.03333333333333333 0.10666666666666667