0 0.2858753709198813 0.2793777777777778 0.2017507418397626 0.12137777777777778
0 0.6882789317507418 0.2713111111111111 0.20335311572700296 0.11042222222222221
0 0.05008902077151335 0.2597777777777778 0.09988130563798218 0.08724444444444444
0 0.2538278931750742 0.13166666666666665 0.14062314540059348 0.0635111111111111
0 0.4559347181008902 0.24711111111111111 0.18925816023738873 0.1272888888888889
0 0.04002967359050445 0.15242222222222224 0.08008902077151335 0.07702222222222221
0 0.43584569732937684 0.11944444444444445 0.1261127596439169 0.08055555555555556
0 0.5851335311572701 0.1625111111111111 0.16507418397626114 0.09166666666666666
0 0.8048961424332344 0.18611111111111112 0.17804154302670624 0.125
2 0.29118694362017805 0.4986222222222222 0.30415430267062316 0.16666666666666666
2 0.6704451038575667 0.5298666666666667 0.29118694362017805 0.2152888888888889