2 0.3647777777777778 0.7119 0.19986666666666666 0.29183333333333333
2 0.6185555555555556 0.5234000000000001 0.11515555555555555 0.25866666666666666
2 0.7043111111111111 0.4670666666666667 0.10084444444444444 0.18986666666666666
2 0.2274 0.9141333333333334 0.28142222222222224 0.17176666666666668
0 0.07833333333333334 0.6009 0.12717777777777778 0.14793333333333333
2 0.06944444444444445 0.8700666666666667 0.13422222222222221 0.25153333333333333
0 0.17966666666666664 0.6551333333333333 0.14413333333333334 0.2102
0 0.5806666666666667 0.17276666666666665 0.036022222222222226 0.03886666666666667
2 0.5050666666666667 0.4444666666666667 0.1012 0.18813333333333332
0 0.5386888888888889 0.19686666666666666 0.0352 0.03956666666666667
0 0.4927333333333333 0.2816 0.04604444444444444 0.049499999999999995
0 0.3214666666666667 0.2632 0.07128888888888889 0.0702
0 0.39397777777777776 0.2827 0.050088888888888884 0.050666666666666665
0 0.6555333333333333 0.17343333333333333 0.031955555555555556 0.02953333333333333
0 0.614688888888889 0.29983333333333334 0.06531111111111111 0.0683
0 0.7749555555555556 0.24676666666666666 0.04371111111111112 0.041999999999999996
0 0.5878444444444444 0.22893333333333335 0.04044444444444444 0.047
0 0.4514888888888889 0.24633333333333335 0.03962222222222222 0.0464
0 0.48013333333333336 0.2475 0.03615555555555555 0.04176666666666667
0 0.7032444444444444 0.22213333333333332 0.04184444444444444 0.0486
0 0.015533333333333333 0.5308666666666666 0.031066666666666666 0.1048