0 0.718125 0.351129363449692 0.07125 0.07597535934291581
0 0.90875 0.33675564681724846 0.08 0.08418891170431211
0 0.803125 0.3973305954825462 0.07375 0.07392197125256673
0 0.81 0.29671457905544146 0.0775 0.08008213552361396
0 0.601875 0.4075975359342916 0.06875 0.07802874743326489
0 0.275 0.3613963039014374 0.06375 0.06776180698151951
0 0.06625 0.4075975359342916 0.04125 0.055441478439425054
0 0.156875 0.41786447638603696 0.04625 0.055441478439425054
0 0.654375 0.38295687885010266 0.04125 0.08213552361396304
0 0.330625 0.33675564681724846 0.03875 0.059548254620123205
3 0.909375 0.5441478439425051 0.09375 0.23203285420944558
3 0.804375 0.606776180698152 0.07 0.24435318275154005
3 0.72875 0.5102669404517454 0.07375 0.1457905544147844
3 0.47375 0.5112936344969199 0.06875 0.1375770020533881
3 0.14375 0.5349075975359343 0.05875 0.10061601642710473
1 0.473125 0.39835728952772076 0.05625 0.09034907597535935