0 0.05454545454545454 0.7438356164383562 0.10909090909090909 0.24383561643835616
0 0.5409090909090909 0.39315068493150684 0.12181818181818181 0.1780821917808219
0 0.4536363636363636 0.1410958904109589 0.06 0.0684931506849315
0 0.3881818181818182 0.14931506849315068 0.05818181818181818 0.06575342465753424
1 0.16 0.14520547945205478 0.08727272727272728 0.12876712328767123
0 0.7254545454545455 0.21780821917808219 0.12545454545454546 0.13424657534246576
0 0.3427272727272727 0.11917808219178082 0.045454545454545456 0.057534246575342465
0 0.8290909090909091 0.23972602739726026 0.09818181818181818 0.11506849315068493
0 0.5345454545454545 0.24246575342465754 0.04727272727272727 0.052054794520547946
0 0.2309090909090909 0.07808219178082192 0.056363636363636366 0.07123287671232877
0 0.59 0.2876712328767123 0.09818181818181818 0.1232876712328767
0 0.20454545454545456 0.2863013698630137 0.04181818181818182 0.07123287671232877
0 0.9409090909090909 0.5232876712328767 0.06 0.07123287671232877
1 0.45636363636363636 0.273972602739726 0.06909090909090909 0.12054794520547946
1 0.6081818181818182 0.2 0.06363636363636363 0.09041095890410959
1 0.8163636363636364 0.3643835616438356 0.12727272727272726 0.19726027397260273
2 0.12454545454545454 0.3561643835616438 0.14727272727272728 0.32054794520547947
2 0.3690909090909091 0.5684931506849316 0.20545454545454545 0.4136986301369863
2 0.8390909090909091 0.6356164383561644 0.1509090909090909 0.39452054794520547
2 0.7209090909090909 0.5273972602739726 0.11818181818181818 0.3698630136986301