2 0.6755555555555556 0.335 0.12666666666666668 0.19
2 0.22555555555555556 0.6116666666666667 0.20666666666666667 0.39666666666666667
2 0.9177777777777778 0.305 0.15333333333333332 0.24333333333333335
0 0.7577777777777778 0.2 0.051111111111111114 0.056666666666666664
0 0.8911111111111111 0.115 0.06222222222222222 0.06666666666666667
2 0.77 0.30666666666666664 0.08 0.12666666666666668
2 0.56 0.5083333333333333 0.2511111111111111 0.36666666666666664
0 0.51 0.5983333333333334 0.16 0.24
1 0.6322222222222222 0.21333333333333335 0.06888888888888889 0.11333333333333333
1 0.5122222222222222 0.2783333333333333 0.12666666666666668 0.23
1 0.1811111111111111 0.3516666666666667 0.15333333333333332 0.2
1 0.32222222222222224 0.3516666666666667 0.07777777777777778 0.12666666666666668
1 0.44333333333333336 0.33166666666666667 0.07555555555555556 0.14666666666666667