0 0.85125 0.5 0.165 0.17666666666666667
0 0.17 0.34833333333333333 0.08 0.08666666666666667
0 0.71375 0.49166666666666664 0.05 0.05333333333333334
0 0.3 0.365 0.0575 0.06333333333333334
2 0.60375 0.555 0.0775 0.14
0 0.62 0.44666666666666666 0.035 0.04666666666666667
0 0.4775 0.4066666666666667 0.0425 0.04666666666666667
0 0.58875 0.44666666666666666 0.035 0.043333333333333335
0 0.765 0.5216666666666666 0.0475 0.07
2 0.14375 0.5366666666666666 0.12 0.2633333333333333
2 0.2525 0.5316666666666666 0.105 0.25333333333333335
2 0.84875 0.8333333333333334 0.2125 0.3333333333333333
2 0.46125 0.4866666666666667 0.065 0.11333333333333333
2 0.32125 0.48333333333333334 0.0675 0.15
1 0.34625 0.365 0.0625 0.09333333333333334
2 0.56625 0.535 0.0625 0.12333333333333334
2 0.70125 0.6183333333333333 0.065 0.14333333333333334