0 0.5425 0.2361878453038674 0.23333333333333334 0.26795580110497236
0 0.7116666666666667 0.44060773480662985 0.185 0.2596685082872928
0 0.7725 0.20303867403314918 0.19833333333333333 0.212707182320442
0 0.3275 0.15469613259668508 0.165 0.2265193370165746
0 0.22 0.19751381215469613 0.16166666666666665 0.23480662983425415
2 0.11166666666666666 0.6588397790055248 0.22333333333333333 0.5441988950276243
2 0.51 0.7638121546961326 0.3566666666666667 0.4723756906077348
0 0.1225 0.10773480662983426 0.20166666666666666 0.2154696132596685
0 0.9358333333333333 0.3011049723756906 0.12833333333333333 0.4198895027624309
0 0.8525 0.3756906077348066 0.15666666666666668 0.26243093922651933
0 0.4816666666666667 0.11464088397790055 0.21666666666666667 0.2292817679558011
2 0.8166666666666667 0.8453038674033149 0.21666666666666667 0.30939226519337015