0 0.3856181818181818 0.05740053050397878 0.10525454545454546 0.11482758620689655
2 0.645490909090909 0.3341114058355438 0.16714545454545457 0.2890450928381963
3 0.39374545454545457 0.3092042440318302 0.16052727272727274 0.29251989389920424
3 0.9735454545454546 0.30315649867374006 0.05290909090909091 0.16618037135278516
0 0.11761818181818182 0.26877984084880635 0.029345454545454546 0.036790450928381964
0 0.05443636363636364 0.15421750663129974 0.03389090909090909 0.03676392572944297
0 0.794309090909091 0.1746949602122016 0.03789090909090909 0.031326259946949604
3 0.05410909090909091 0.24936339522546422 0.055109090909090906 0.11323607427055703
0 0.9773818181818181 0.16175066312997347 0.04523636363636364 0.056763925729442964
0 0.6658727272727273 0.07395225464190981 0.10401818181818182 0.08620689655172414
0 0.17981818181818182 0.26549071618037134 0.025163636363636364 0.029363395225464193
3 0.8382363636363636 0.3162334217506631 0.044909090909090905 0.13472148541114057
3 0.10621818181818182 0.31411140583554376 0.04401818181818182 0.05026525198938992
3 0.17032727272727274 0.30923076923076925 0.03827272727272727 0.048859416445623347
0 0.5459272727272727 0.1989389920424403 0.03349090909090909 0.03769230769230769