0 0.7108833333333333 0.19607629427792914 0.18989999999999999 0.1770027247956403
0 0.8287833333333333 0.14790190735694822 0.17151666666666665 0.21348773841961852
0 0.7761 0.5284741144414169 0.23416666666666666 0.2594822888283379
2 0.07608333333333334 0.8147138964577657 0.15216666666666667 0.37057220708446864
0 0.3286 0.12700272479564031 0.18746666666666667 0.246566757493188
2 0.051699999999999996 0.21076294277929153 0.10339999999999999 0.2529155313351498
0 0.3475 0.41348773841961856 0.13333333333333333 0.36103542234332425
2 0.25125 0.8637602179836512 0.1825 0.2724795640326976
3 0.7133333333333334 0.8767029972752044 0.255 0.24659400544959129
0 0.5583333333333333 0.08719346049046321 0.165 0.17438692098092642
0 0.18916666666666668 0.15190735694822888 0.13833333333333334 0.16212534059945505
1 0.17291666666666666 0.5136239782016349 0.16083333333333333 0.4032697547683924