2 0.3210947930574099 0.38434163701067614 0.11882510013351134 0.16725978647686832
2 0.849799732977303 0.5169039145907474 0.1602136181575434 0.32562277580071175
0 0.9259012016021362 0.297153024911032 0.06809078771695594 0.06227758007117438
0 0.48664886515353806 0.26334519572953735 0.06408544726301736 0.0711743772241993
0 0.40921228304405877 0.24199288256227758 0.056074766355140186 0.04448398576512456
0 0.8591455273698264 0.27313167259786475 0.09746328437917223 0.09252669039145907
0 0.30507343124165553 0.22241992882562278 0.0801068090787717 0.09430604982206406
0 0.7069425901201603 0.22953736654804271 0.11615487316421896 0.1103202846975089
1 0.5594125500667557 0.24199288256227758 0.09212283044058744 0.14056939501779359
2 0.5393858477970628 0.5266903914590747 0.17489986648865152 0.3540925266903915
2 0.6955941255006676 0.5355871886120996 0.16955941255006676 0.38256227758007116
2 0.9405874499332443 0.49555160142348753 0.0774365821094793 0.2491103202846975
1 0.43591455273698265 0.30338078291814946 0.06008010680907877 0.11565836298932385