2 0.686795727636849 0.4096975088967972 0.10759679572763685 0.1533451957295374
2 0.15074766355140187 0.46830960854092524 0.1365954606141522 0.30884341637010676
0 0.09230974632843791 0.2390213523131673 0.06375166889185581 0.05402135231316726
0 0.5317089452603472 0.2667081850533808 0.05983978638184246 0.06370106761565836
0 0.6106408544726302 0.25608540925266904 0.05353805073431242 0.03665480427046264
0 0.1608411214953271 0.2242526690391459 0.09106809078771695 0.08108540925266904
0 0.7157943925233645 0.2512099644128114 0.07327102803738318 0.08544483985765125
0 0.31574098798397865 0.2019217081850534 0.10938584779706276 0.0952491103202847
1 0.4611214953271028 0.23473309608540924 0.08216288384512684 0.1300355871886121
2 0.45855807743658206 0.5208007117437723 0.1489185580774366 0.33533807829181494
2 0.3029639519359145 0.5084875444839857 0.1417222963951936 0.36544483985765125
2 0.06213618157543391 0.4345729537366548 0.05854472630173565 0.24225978647686833
1 0.5792389853137517 0.31343416370106764 0.051348464619492655 0.1095017793594306