2 0.19444444444444445 0.5833333333333334 0.20666666666666667 0.4033333333333333
0 0.41333333333333333 0.2916666666666667 0.06666666666666667 0.06333333333333334
2 0.8955555555555555 0.49166666666666664 0.14444444444444443 0.38333333333333336
0 0.73 0.2683333333333333 0.03777777777777778 0.03666666666666667
0 0.49 0.3 0.057777777777777775 0.06
0 0.3022222222222222 0.2833333333333333 0.06666666666666667 0.06666666666666667
0 0.8777777777777778 0.22666666666666666 0.08 0.08
0 0.65 0.28833333333333333 0.05333333333333334 0.05
0 0.18888888888888888 0.26166666666666666 0.09555555555555556 0.09333333333333334
0 0.7822222222222223 0.31166666666666665 0.05333333333333334 0.056666666666666664
2 0.31444444444444447 0.5516666666666666 0.1622222222222222 0.37666666666666665
2 0.6677777777777778 0.4816666666666667 0.11333333333333333 0.25333333333333335
0 0.6855555555555556 0.315 0.02666666666666667 0.04
2 0.42333333333333334 0.5066666666666667 0.08444444444444445 0.25
2 0.5166666666666667 0.47833333333333333 0.07555555555555556 0.25
2 0.7855555555555556 0.45666666666666667 0.08222222222222222 0.21