2 0.3030707610146863 0.4679715302491103 0.1308411214953271 0.18149466192170818
2 0.835113484646195 0.36476868327402134 0.1855807743658211 0.3416370106761566
0 0.8531375166889186 0.12366548042704627 0.07076101468624833 0.0711743772241993
0 0.42990654205607476 0.2820284697508897 0.06942590120160214 0.0800711743772242
0 0.35113484646194926 0.29537366548042704 0.05874499332443257 0.051601423487544484
0 0.7837116154873164 0.1298932384341637 0.102803738317757 0.10676156583629894
0 0.24766355140186916 0.3220640569395018 0.08544726301735647 0.10498220640569395
0 0.6295060080106809 0.15391459074733096 0.12283044058744993 0.12633451957295375
1 0.493324432576769 0.22953736654804271 0.10146862483311081 0.1512455516014235
2 0.5440587449933244 0.5080071174377224 0.20160213618157544 0.3718861209964413
2 0.6935914552736983 0.44928825622775803 0.20026702269692923 0.398576512455516
2 0.9158878504672897 0.30516014234875444 0.09746328437917223 0.25444839857651247
1 0.39118825100133514 0.3416370106761566 0.06809078771695594 0.12277580071174377