2 0.8088888888888889 0.56 0.19333333333333333 0.39
0 0.5788888888888889 0.2866666666666667 0.06444444444444444 0.06
2 0.10555555555555556 0.5216666666666666 0.13333333333333333 0.37666666666666665
0 0.26222222222222225 0.2866666666666667 0.03777777777777778 0.03333333333333333
0 0.5033333333333333 0.3 0.05555555555555555 0.05333333333333334
0 0.69 0.2683333333333333 0.06666666666666667 0.06
0 0.11333333333333333 0.25666666666666665 0.07777777777777778 0.07333333333333333
0 0.3433333333333333 0.3016666666666667 0.051111111111111114 0.04666666666666667
0 0.8022222222222222 0.23833333333333334 0.09333333333333334 0.08666666666666667
0 0.21222222222222223 0.3333333333333333 0.051111111111111114 0.05333333333333334
2 0.6866666666666666 0.5366666666666666 0.1511111111111111 0.36666666666666664
2 0.3322222222222222 0.495 0.10444444444444445 0.24666666666666667
0 0.3088888888888889 0.33 0.024444444444444446 0.03666666666666667
2 0.5766666666666667 0.5016666666666667 0.07555555555555556 0.24333333333333335
2 0.4822222222222222 0.48 0.06666666666666667 0.24666666666666667
2 0.21333333333333335 0.48 0.07555555555555556 0.20333333333333334