0 0.6706081081081081 0.36023054755043227 0.16385135135135134 0.22478386167146974
0 0.8141891891891891 0.40057636887608067 0.18074324324324326 0.25360230547550433
0 0.5211148648648649 0.20461095100864554 0.13175675675675674 0.17002881844380405
0 0.9476351351351351 0.5936599423631124 0.10472972972972973 0.19596541786743515
0 0.8141891891891891 0.2723342939481268 0.060810810810810814 0.069164265129683
0 0.41047297297297297 0.3976945244956772 0.15202702702702703 0.25936599423631124
0 0.2609797297297297 0.0994236311239193 0.09121621621621621 0.11815561959654179
1 0.35557432432432434 0.18011527377521613 0.09966216216216216 0.1988472622478386
3 0.6731418918918919 0.7564841498559077 0.18412162162162163 0.48703170028818443
3 0.49577702702702703 0.6585014409221902 0.17060810810810811 0.45821325648414984
3 0.5253378378378378 0.38328530259365995 0.11993243243243243 0.16714697406340057
3 0.2204391891891892 0.3371757925072046 0.14527027027027026 0.31988472622478387
3 0.8471283783783784 0.8832853025936599 0.23479729729729729 0.2334293948126801
3 0.816722972972973 0.7017291066282421 0.16216216216216217 0.29394812680115273