2 0.66 0.67 0.23333333333333334 0.3433333333333333
2 0.38666666666666666 0.5566666666666666 0.14666666666666667 0.2866666666666667
2 0.29555555555555557 0.5266666666666666 0.12222222222222222 0.21666666666666667
2 0.8188888888888889 0.8283333333333334 0.29777777777777775 0.25
0 0.9266666666666666 0.47833333333333333 0.14444444444444443 0.18
2 0.9433333333333334 0.74 0.11333333333333333 0.2866666666666667
0 0.8344444444444444 0.56 0.1688888888888889 0.24666666666666667
0 0.3788888888888889 0.20166666666666666 0.04 0.05
2 0.48777777777777775 0.44666666666666666 0.12222222222222222 0.21333333333333335
0 0.42333333333333334 0.21333333333333335 0.04 0.05
0 0.47888888888888886 0.2833333333333333 0.051111111111111114 0.06333333333333334
0 0.6455555555555555 0.21666666666666667 0.08 0.09
0 0.5766666666666667 0.25666666666666665 0.05555555555555555 0.06333333333333334
0 0.3055555555555556 0.22333333333333333 0.035555555555555556 0.03666666666666667
0 0.3622222222222222 0.33666666666666667 0.07333333333333333 0.08666666666666667
0 0.19777777777777777 0.33 0.04888888888888889 0.05333333333333334
0 0.3788888888888889 0.25833333333333336 0.04666666666666667 0.056666666666666664
0 0.5155555555555555 0.23666666666666666 0.044444444444444446 0.056666666666666664
0 0.48777777777777775 0.24666666666666667 0.04 0.05
0 0.26555555555555554 0.285 0.04666666666666667 0.06
0 0.9788888888888889 0.39 0.042222222222222223 0.11333333333333333