2 0.6955555555555556 0.3933333333333333 0.1111111111111111 0.16666666666666666
2 0.21555555555555556 0.5233333333333333 0.1688888888888889 0.36
2 0.9355555555555556 0.43833333333333335 0.1288888888888889 0.21666666666666667
0 0.7944444444444444 0.2866666666666667 0.04666666666666667 0.04666666666666667
0 0.9366666666666666 0.24666666666666667 0.057777777777777775 0.05333333333333334
2 0.7911111111111111 0.395 0.06888888888888889 0.11
2 0.5566666666666666 0.5266666666666666 0.21777777777777776 0.31666666666666665
0 0.49666666666666665 0.6 0.13777777777777778 0.21
1 0.6688888888888889 0.26 0.06 0.1
1 0.5433333333333333 0.2866666666666667 0.10666666666666667 0.20666666666666667
1 0.2088888888888889 0.255 0.13777777777777778 0.17
1 0.3466666666666667 0.3 0.06666666666666667 0.11
1 0.4677777777777778 0.31666666666666665 0.06222222222222222 0.13333333333333333