2 0.12916666666666668 0.6553884711779449 0.11833333333333333 0.19799498746867167
2 0.5175 0.46867167919799496 0.115 0.20802005012531327
2 0.77 0.40852130325814534 0.11833333333333333 0.21804511278195488
2 0.6783333333333333 0.44360902255639095 0.11833333333333333 0.20802005012531327
2 0.875 0.36215538847117795 0.12166666666666667 0.22305764411027568
2 0.3466666666666667 0.556390977443609 0.105 0.16290726817042606
2 0.43333333333333335 0.525062656641604 0.095 0.18045112781954886
2 0.595 0.47619047619047616 0.105 0.20551378446115287
3 0.21583333333333332 0.6228070175438597 0.09666666666666666 0.19047619047619047
2 0.2925 0.5964912280701754 0.08666666666666667 0.18546365914786966
0 0.34 0.41854636591478694 0.055 0.06015037593984962
0 0.2775 0.44611528822055135 0.051666666666666666 0.06265664160401002
0 0.10166666666666667 0.5125313283208021 0.056666666666666664 0.06265664160401002
0 0.4891666666666667 0.3283208020050125 0.06166666666666667 0.06516290726817042
0 0.735 0.23308270676691728 0.06333333333333334 0.07518796992481203
0 0.5633333333333334 0.31704260651629074 0.06166666666666667 0.07017543859649122
0 0.8408333333333333 0.17418546365914786 0.07166666666666667 0.08020050125313283
0 0.18583333333333332 0.48370927318295737 0.05 0.06265664160401002
0 0.4125 0.37719298245614036 0.06 0.07268170426065163
0 0.6525 0.2744360902255639 0.06333333333333334 0.07268170426065163