2 0.4263392857142857 0.5875420875420876 0.20758928571428573 0.39057239057239057
2 0.7444196428571429 0.7121212121212122 0.16071428571428573 0.27946127946127947
2 0.5948660714285714 0.6111111111111112 0.14732142857142858 0.2356902356902357
0 0.6127232142857143 0.43265993265993263 0.08035714285714286 0.09427609427609428
2 0.23660714285714285 0.5336700336700336 0.21651785714285715 0.41414141414141414
0 0.27901785714285715 0.27946127946127947 0.09821428571428571 0.12457912457912458
0 0.8236607142857143 0.632996632996633 0.05357142857142857 0.06734006734006734
0 0.7589285714285714 0.5168350168350169 0.08035714285714286 0.10101010101010101
0 0.45424107142857145 0.35858585858585856 0.08482142857142858 0.10774410774410774
1 0.5558035714285714 0.4377104377104377 0.06696428571428571 0.11447811447811448
1 0.6908482142857143 0.5235690235690236 0.05580357142857143 0.09427609427609428
1 0.9631696428571429 0.622895622895623 0.07366071428571429 0.13468013468013468
1 0.9162946428571429 0.6430976430976431 0.049107142857142856 0.08754208754208755
0 0.8270089285714286 0.8282828282828283 0.0625 0.10101010101010101