0 0.476 0.278673835125448 0.017333333333333333 0.01971326164874552
2 0.24333333333333335 0.8172043010752689 0.076 0.1057347670250896
3 0.47 0.3172043010752688 0.04 0.05734767025089606
0 0.2653333333333333 0.7275985663082437 0.044 0.05197132616487455
0 0.8766666666666667 0.7365591397849462 0.02 0.014336917562724014
0 0.8933333333333333 0.23835125448028674 0.104 0.06989247311827956
0 0.624 0.24193548387096775 0.017333333333333333 0.021505376344086023
2 0.8833333333333333 0.7741935483870968 0.025333333333333333 0.043010752688172046
2 0.7506666666666667 0.6693548387096774 0.030666666666666665 0.04121863799283154
0 0.7526666666666667 0.6362007168458781 0.018666666666666668 0.017921146953405017
3 0.4686666666666667 0.717741935483871 0.037333333333333336 0.05555555555555555
0 0.5526666666666666 0.25268817204301075 0.02266666666666667 0.021505376344086023
0 0.5966666666666667 0.25 0.016 0.023297491039426525
0 0.5826666666666667 0.7634408602150538 0.02 0.023297491039426525
0 0.6046666666666667 0.7697132616487455 0.018666666666666668 0.026881720430107527
0 0.7753333333333333 0.649641577060932 0.013333333333333334 0.023297491039426525
0 0.8113333333333334 0.7105734767025089 0.016 0.026881720430107527
0 0.858 0.735663082437276 0.014666666666666666 0.017921146953405017
0 0.21 0.7105734767025089 0.048 0.06630824372759857
3 0.5966666666666667 0.8207885304659498 0.03866666666666667 0.05734767025089606
3 0.416 0.3906810035842294 0.032 0.05913978494623656
3 0.5886666666666667 0.28763440860215056 0.02666666666666667 0.053763440860215055
3 0.6226666666666667 0.28763440860215056 0.030666666666666665 0.06093189964157706
3 0.43266666666666664 0.35842293906810035 0.021333333333333333 0.04838709677419355
3 0.158 0.803763440860215 0.092 0.15770609318996415
2 0.8686666666666667 0.43100358422939067 0.18666666666666668 0.13799283154121864