0 0.3518918918918919 0.29873198847262245 0.14412162162162162 0.17461095100864554
0 0.206875 0.28244956772334295 0.15765202702702702 0.19959654178674352
0 0.5186148648648649 0.20380403458213256 0.11728040540540542 0.1287319884726225
0 0.04685810810810811 0.4197694524495677 0.09373310810810812 0.1644092219020173
0 0.22415540540540538 0.15697406340057637 0.05525337837837838 0.05040345821325648
0 0.6005912162162163 0.4343227665706052 0.1260135135135135 0.2164841498559078
0 0.973293918918919 0.06077809798270893 0.053277027027027024 0.10446685878962536
0 0.7858952702702703 0.20178674351585013 0.08081081081081082 0.09034582132564842
1 0.6825168918918919 0.2435734870317003 0.07802364864864865 0.17429394812680116
3 0.29680743243243246 0.6847838616714698 0.12869932432432432 0.45011527377521615
3 0.48342905405405406 0.6559654178674351 0.11743243243243243 0.4226801152737752
3 0.4906756756756757 0.3760230547550432 0.10456081081081081 0.13172910662824208
3 0.7935135135135135 0.44806916426512966 0.11020270270270269 0.28406340057636886
3 0.0985304054054054 0.8272910662824208 0.19385135135135137 0.3454178674351585
3 0.16489864864864864 0.5756772334293948 0.13192567567567567 0.25112391930835737