0 0.945 0.27375 0.11 0.1575
0 0.6341666666666667 0.36375 0.05 0.055
0 0.2683333333333333 0.29625 0.03833333333333333 0.04
2 0.7491666666666666 0.5675 0.09166666666666666 0.2275
2 0.285 0.37875 0.07833333333333334 0.1325
0 0.69 0.3775 0.05333333333333334 0.0675
0 0.8216666666666667 0.45125 0.035 0.0425
2 0.6716666666666666 0.53625 0.10666666666666667 0.2225
0 0.7658333333333334 0.39875 0.06666666666666667 0.0825
2 0.8116666666666666 0.54625 0.06166666666666667 0.1125
2 0.6216666666666667 0.475 0.06 0.1375