0 0.8822222222222222 0.07833333333333334 0.1511111111111111 0.13833333333333334
2 0.9177777777777778 0.41083333333333333 0.16444444444444445 0.38333333333333336
0 0.4411111111111111 0.205 0.07111111111111111 0.06333333333333334
0 0.4961111111111111 0.2675 0.052222222222222225 0.04833333333333333
0 0.5794444444444444 0.22916666666666666 0.06222222222222222 0.065
0 0.6711111111111111 0.35833333333333334 0.09444444444444444 0.10833333333333334
2 0.4266666666666667 0.39416666666666667 0.06444444444444444 0.205
2 0.49833333333333335 0.4033333333333333 0.06222222222222222 0.14166666666666666
2 0.7944444444444444 0.35583333333333333 0.07666666666666666 0.24166666666666667
1 0.6955555555555556 0.25666666666666665 0.08222222222222222 0.12333333333333334
1 0.7788888888888889 0.1775 0.09222222222222222 0.135