2 0.8092222222222222 0.5511 0.1894 0.3839
0 0.5765333333333333 0.28386666666666666 0.06344444444444444 0.056766666666666674
2 0.10548888888888888 0.5323333333333333 0.12844444444444444 0.3718666666666667
0 0.2600222222222222 0.29319999999999996 0.036955555555555554 0.033133333333333334
0 0.5008888888888889 0.29963333333333336 0.05564444444444444 0.05353333333333333
0 0.6873555555555556 0.2633 0.06511111111111112 0.05843333333333334
0 0.11031111111111111 0.26666666666666666 0.07611111111111112 0.07273333333333333
0 0.3407333333333334 0.3052333333333333 0.05086666666666667 0.0455
0 0.7994 0.22963333333333333 0.09217777777777778 0.08549999999999999
0 0.20982222222222222 0.34126666666666666 0.05097777777777778 0.052899999999999996
2 0.6876 0.5320333333333334 0.14626666666666666 0.36319999999999997
2 0.3318666666666667 0.49996666666666667 0.10115555555555557 0.2447
0 0.30648888888888887 0.3347333333333333 0.024066666666666667 0.0361
2 0.5764 0.49929999999999997 0.07315555555555556 0.24306666666666668
2 0.4819555555555555 0.48056666666666664 0.06388888888888888 0.24443333333333334
2 0.21295555555555556 0.4875 0.07222222222222222 0.20276666666666665