0 0.425 0.26627906976744187 0.04 0.03488372093023256
0 0.5891666666666666 0.32558139534883723 0.04833333333333333 0.046511627906976744
0 0.345 0.2813953488372093 0.06 0.05813953488372093
0 0.8683333333333333 0.3023255813953488 0.08 0.07674418604651163
0 0.27 0.2686046511627907 0.06166666666666667 0.05813953488372093
0 0.4658333333333333 0.28488372093023256 0.04 0.04186046511627907
0 0.61 0.30116279069767443 0.04666666666666667 0.05116279069767442
0 0.4816666666666667 0.336046511627907 0.06833333333333333 0.06744186046511629
0 0.17666666666666667 0.2895348837209302 0.07 0.07674418604651163
0 0.5333333333333333 0.32906976744186045 0.05333333333333334 0.07209302325581396
0 0.4033333333333333 0.31511627906976747 0.065 0.06744186046511629
0 0.3858333333333333 0.26976744186046514 0.028333333333333332 0.03255813953488372
0 0.6416666666666667 0.30348837209302326 0.03333333333333333 0.03953488372093023
3 0.38666666666666666 0.5116279069767442 0.09666666666666666 0.22790697674418606
3 0.4608333333333333 0.5162790697674419 0.07333333333333333 0.2116279069767442
3 0.25166666666666665 0.44302325581395346 0.08333333333333333 0.1883720930232558
3 0.17333333333333334 0.47325581395348837 0.09166666666666666 0.2186046511627907
3 0.3233333333333333 0.4104651162790698 0.07166666666666667 0.16279069767441862
3 0.5208333333333334 0.49534883720930234 0.06333333333333334 0.17674418604651163
3 0.5683333333333334 0.46395348837209305 0.04666666666666667 0.14186046511627906
3 0.8566666666666667 0.5232558139534884 0.1 0.26744186046511625
3 0.6275 0.44651162790697674 0.04833333333333333 0.1372093023255814