0 0.22635349025974028 0.2820549362142283 0.16106331168831167 0.18055242692410836
0 0.4453206168831169 0.3435865609316937 0.08427353896103895 0.08003371260008424
0 0.3382000811688312 0.39556526069800413 0.05714488636363635 0.09130598015553767
0 0.04929788961038961 0.21169367505650694 0.09859375000000001 0.12218059226908784
0 0.037540584415584416 0.3263992644523618 0.07508116883116883 0.16243343676971997
0 0.12530438311688313 0.25820786882733787 0.08624188311688313 0.0934758456882351
2 0.155517578125 0.7665929203539823 0.21044921875 0.4668141592920354
2 0.870361328125 0.7547935103244838 0.17431640625 0.49041297935103245
1 0.8198051948051949 0.3846301191433935 0.12784090909090917 0.21759950963490787
1 0.6113027597402598 0.38922729188215915 0.08827110389610393 0.15630387311803237
1 0.9238027597402598 0.4252384783358235 0.06594967532467533 0.13331800942420416