0 0.5865833333333333 0.2737906976744186 0.03928333333333334 0.03132558139534884
0 0.41973333333333335 0.3167441860465116 0.046 0.042813953488372095
0 0.6653166666666667 0.29653488372093023 0.05795000000000001 0.0526046511627907
0 0.14228333333333334 0.26713953488372094 0.07601666666666666 0.06927906976744186
0 0.7405833333333334 0.2920697674418605 0.05845 0.05148837209302326
0 0.5452166666666667 0.28851162790697676 0.03888333333333333 0.037674418604651164
0 0.40003333333333335 0.29086046511627905 0.044033333333333334 0.04716279069767442
0 0.5268666666666667 0.3386511627906977 0.06608333333333333 0.06062790697674419
0 0.8334 0.3212093023255814 0.06616666666666667 0.0704186046511628
0 0.475 0.32625581395348835 0.05 0.06702325581395349
0 0.6058833333333333 0.32490697674418606 0.06275 0.06155813953488372
0 0.625 0.2818139534883721 0.02646666666666667 0.030093023255813953
0 0.36863333333333337 0.2900232558139535 0.03136666666666667 0.035558139534883716
3 0.61275 0.5225813953488372 0.08626666666666666 0.21888372093023256
3 0.5382333333333333 0.5205116279069767 0.06275 0.2065581395348837
3 0.7509833333333333 0.4671627906976744 0.07451666666666666 0.18195348837209302
3 0.8269666666666666 0.5054651162790698 0.08136666666666667 0.212046511627907
3 0.6808833333333333 0.4281860465116279 0.06373333333333334 0.15595348837209302
3 0.4794166666666666 0.49316279069767444 0.0549 0.171
3 0.43333333333333335 0.45690697674418607 0.03921666666666667 0.13953488372093023
3 0.14265 0.4883720930232558 0.08725000000000001 0.25990697674418606
3 0.37548333333333334 0.4343255813953488 0.041183333333333336 0.13269767441860467