0 0.4846666666666667 0.2777777777777778 0.018666666666666668 0.01971326164874552
2 0.23133333333333334 0.7983870967741935 0.08 0.1111111111111111
3 0.47733333333333333 0.3154121863799283 0.04133333333333333 0.05913978494623656
0 0.25666666666666665 0.7105734767025089 0.04533333333333334 0.053763440860215055
0 0.8666666666666667 0.7625448028673835 0.021333333333333333 0.016129032258064516
0 0.9026666666666666 0.2670250896057348 0.10533333333333333 0.07706093189964158
0 0.634 0.2517921146953405 0.017333333333333333 0.021505376344086023
2 0.872 0.8001792114695341 0.02666666666666667 0.044802867383512544
2 0.744 0.6863799283154122 0.032 0.043010752688172046
0 0.7473333333333333 0.6541218637992832 0.018666666666666668 0.01971326164874552
3 0.46 0.7150537634408602 0.03866666666666667 0.05913978494623656
0 0.562 0.25627240143369173 0.02266666666666667 0.023297491039426525
0 0.6066666666666667 0.257168458781362 0.017333333333333333 0.023297491039426525
0 0.572 0.7688172043010753 0.021333333333333333 0.025089605734767026
0 0.594 0.7768817204301075 0.02 0.02867383512544803
0 0.7693333333333333 0.6693548387096774 0.014666666666666666 0.023297491039426525
0 0.8033333333333333 0.732078853046595 0.017333333333333333 0.02867383512544803
0 0.848 0.760752688172043 0.016 0.01971326164874552
0 0.20266666666666666 0.6899641577060932 0.050666666666666665 0.06810035842293907
3 0.584 0.8270609318996416 0.04 0.05913978494623656
3 0.4206666666666667 0.3844086021505376 0.034666666666666665 0.06093189964157706
3 0.5966666666666667 0.2948028673835125 0.029333333333333333 0.05555555555555555
3 0.6306666666666667 0.29659498207885304 0.03333333333333333 0.06272401433691756
3 0.438 0.3539426523297491 0.024 0.05017921146953405
3 0.14666666666666667 0.7795698924731183 0.09733333333333333 0.16308243727598568
2 0.8706666666666667 0.45698924731182794 0.19066666666666668 0.15053763440860216