0 0.09090909090909091 0.9 0.14545454545454545 0.2
0 0.5209090909090909 0.38082191780821917 0.11636363636363636 0.1726027397260274
0 0.3936363636363636 0.17123287671232876 0.05818181818181818 0.06301369863013699
0 0.33181818181818185 0.20410958904109588 0.056363636363636366 0.06301369863013699
1 0.11090909090909092 0.29041095890410956 0.08363636363636363 0.1232876712328767
0 0.6690909090909091 0.13972602739726028 0.12181818181818181 0.12602739726027398
0 0.2827272727272727 0.19315068493150686 0.045454545454545456 0.0547945205479452
0 0.7727272727272727 0.12054794520547946 0.09636363636363636 0.1095890410958904
0 0.4890909090909091 0.236986301369863 0.04727272727272727 0.049315068493150684
0 0.16818181818181818 0.19726027397260273 0.05454545454545454 0.0684931506849315
0 0.55 0.2602739726027397 0.09454545454545454 0.11506849315068493
0 0.1781818181818182 0.40821917808219177 0.04 0.0684931506849315
0 0.93 0.3506849315068493 0.06 0.06575342465753424
1 0.41909090909090907 0.3 0.06545454545454546 0.11506849315068493
1 0.5536363636363636 0.1684931506849315 0.06 0.08767123287671233
1 0.7818181818181819 0.2452054794520548 0.12181818181818181 0.1917808219178082
2 0.11272727272727273 0.5082191780821917 0.13818181818181818 0.31232876712328766
2 0.38545454545454544 0.6178082191780822 0.19454545454545455 0.40273972602739727
2 0.850909090909091 0.4986301369863014 0.14 0.38904109589041097
2 0.7181818181818181 0.4410958904109589 0.10727272727272727 0.3643835616438356