0 0.47013333333333335 0.28010752688172047 0.017506666666666667 0.01802867383512545
2 0.25176 0.8287096774193549 0.07394666666666667 0.10261648745519712
3 0.4654933333333333 0.3187275985663082 0.038560000000000004 0.055161290322580644
0 0.27125333333333335 0.7383870967741936 0.04224 0.0496415770609319
0 0.8823066666666667 0.7188530465949821 0.02012 0.013172043010752688
0 0.8860266666666666 0.2203046594982079 0.10181333333333334 0.06462365591397849
0 0.6173866666666666 0.23668458781362006 0.016546666666666668 0.020268817204301078
2 0.8902 0.7556989247311828 0.02472 0.04154121863799283
2 0.75488 0.6570609318996415 0.03 0.039820788530465945
0 0.75612 0.6242831541218639 0.018146666666666665 0.016881720430107525
3 0.47441333333333335 0.7191218637992831 0.035866666666666665 0.05448028673835125
0 0.54616 0.2502150537634409 0.02153333333333333 0.02068100358422939
0 0.5902533333333333 0.2453763440860215 0.015386666666666665 0.02206093189964158
0 0.5892266666666667 0.7595878136200718 0.01949333333333333 0.02206093189964158
0 0.6112799999999999 0.7644086021505376 0.018466666666666666 0.026200716845878134
0 0.7789733333333334 0.6368817204301075 0.013333333333333334 0.02206093189964158
0 0.8169200000000001 0.6954838709677419 0.015386666666666665 0.026200716845878134
0 0.8635866666666667 0.7189068100358422 0.01436 0.017921146953405017
0 0.21589333333333333 0.7237455197132617 0.04616 0.06340501792114696
3 0.6051333333333334 0.8160931899641577 0.03692 0.05514336917562724
3 0.41333333333333333 0.3942652329749104 0.03077333333333333 0.057903225806451616
3 0.58308 0.28397849462365593 0.02564 0.05238351254480287
3 0.61692 0.28191756272401436 0.029746666666666664 0.059283154121863794
3 0.42872000000000005 0.3618637992831541 0.020506666666666666 0.048243727598566315
3 0.16616 0.8195519713261649 0.08820000000000001 0.15301075268817205
2 0.8667333333333332 0.41349462365591394 0.1832 0.12926523297491038