0 0.799072265625 0.3805309734513274 0.18359375 0.2308259587020649
0 0.57666015625 0.3661504424778761 0.09423828125 0.10693215339233038
0 0.673095703125 0.4531710914454277 0.0693359375 0.1084070796460177
0 0.96240234375 0.3720501474926254 0.0751953125 0.15265486725663716
0 0.9638671875 0.48783185840707965 0.072265625 0.1836283185840708
0 0.901123046875 0.3915929203539823 0.09814453125 0.12020648967551623
2 0.7958984375 0.8067846607669616 0.2744140625 0.3864306784660767
2 0.111083984375 0.6224188790560472 0.22216796875 0.5368731563421829
1 0.20556640625 0.27876106194690264 0.15673828125 0.2551622418879056
1 0.407958984375 0.35435103244837757 0.109375 0.18215339233038347
1 0.09814453125 0.2831858407079646 0.083984375 0.15265486725663716