0 0.842175 0.3944333333333333 0.146675 0.13599999999999998
0 0.15259999999999999 0.4506 0.0697 0.06686666666666666
0 0.707125 0.4277666666666667 0.042649999999999993 0.0429
0 0.282625 0.42793333333333333 0.050525 0.048766666666666666
2 0.6101 0.5233333333333333 0.058075 0.12546666666666667
0 0.608325 0.4111 0.029175 0.0389
0 0.46197499999999997 0.4152666666666667 0.03855 0.0361
0 0.577075 0.4215333333333333 0.029175 0.03473333333333333
0 0.7625 0.44166666666666665 0.039575 0.058333333333333334
2 0.15885 0.6430666666666667 0.0802 0.24443333333333334
2 0.264575 0.6055666666666666 0.066675 0.2389
2 0.90625 0.7708333333333334 0.147925 0.40276666666666666
2 0.460425 0.49929999999999997 0.05 0.1014
2 0.32292499999999996 0.5375 0.04375 0.14166666666666666
1 0.327075 0.41459999999999997 0.05 0.07916666666666666
2 0.5698 0.5138999999999999 0.04375 0.1139
2 0.71615 0.5548666666666667 0.044800000000000006 0.13193333333333332