0 0.3420608108108108 0.32132564841498557 0.15202702702702703 0.19596541786743515
0 0.19679054054054054 0.3270893371757925 0.16722972972972974 0.2219020172910663
0 0.5033783783783784 0.2017291066282421 0.12331081081081081 0.14697406340057637
0 0.0472972972972973 0.48703170028818443 0.0945945945945946 0.1786743515850144
0 0.20777027027027026 0.1988472622478386 0.057432432432432436 0.05763688760806916
0 0.5971283783783784 0.41930835734870314 0.13682432432432431 0.2334293948126801
0 0.9484797297297297 0.023054755043227664 0.05912162162162162 0.04610951008645533
0 0.7694256756756757 0.15994236311239193 0.08445945945945946 0.10086455331412104
1 0.668918918918919 0.21757925072046108 0.08614864864864864 0.1844380403458213
3 0.30743243243243246 0.7146974063400576 0.15202702702702703 0.4668587896253602
3 0.49155405405405406 0.6585014409221902 0.13851351351351351 0.43804034582132567
3 0.4847972972972973 0.37752161383285304 0.11148648648648649 0.14697406340057637
3 0.7896959459459459 0.4048991354466859 0.125 0.29971181556195964
3 0.11570945945945946 0.8501440922190202 0.21114864864864866 0.29971181556195964
3 0.16976351351351351 0.6253602305475504 0.14358108108108109 0.27089337175792505