2 0.115 0.5263157894736842 0.09666666666666666 0.17293233082706766
2 0.5216666666666666 0.474937343358396 0.09 0.18295739348370926
2 0.7766666666666666 0.5025062656641605 0.09166666666666666 0.19298245614035087
2 0.6825 0.5050125313283208 0.095 0.18045112781954886
2 0.8866666666666667 0.4924812030075188 0.095 0.19799498746867167
2 0.3425 0.5037593984962406 0.08833333333333333 0.13784461152882205
2 0.43166666666666664 0.5025062656641605 0.07166666666666667 0.16290726817042606
2 0.5966666666666667 0.5087719298245614 0.08 0.18546365914786966
3 0.205 0.5238095238095238 0.07333333333333333 0.17293233082706766
2 0.2833333333333333 0.5238095238095238 0.06333333333333334 0.16791979949874686
0 0.35583333333333333 0.3659147869674185 0.05 0.045112781954887216
0 0.29083333333333333 0.37218045112781956 0.04666666666666667 0.047619047619047616
0 0.11 0.37719298245614036 0.051666666666666666 0.047619047619047616
0 0.5158333333333334 0.3283208020050125 0.055 0.05012531328320802
0 0.7683333333333333 0.3182957393483709 0.056666666666666664 0.06015037593984962
0 0.5891666666666666 0.3433583959899749 0.055 0.05263157894736842
0 0.8808333333333334 0.2982456140350877 0.065 0.06015037593984962
0 0.19666666666666666 0.37719298245614036 0.045 0.05012531328320802
0 0.43333333333333335 0.3508771929824561 0.05333333333333334 0.05513784461152882
0 0.6825 0.33208020050125314 0.056666666666666664 0.05513784461152882