0 0.736231884057971 0.4893822393822394 0.20869565217391303 0.2644787644787645
2 0.3804347826086957 0.47297297297297297 0.11594202898550725 0.19111969111969113
0 0.40217391304347827 0.2799227799227799 0.057971014492753624 0.06177606177606178
0 0.4384057971014493 0.1640926640926641 0.04927536231884058 0.055984555984555984
0 0.5739130434782609 0.14189189189189189 0.0391304347826087 0.04633204633204633
0 0.5478260869565217 0.21138996138996138 0.06666666666666667 0.08494208494208494
0 0.427536231884058 0.2277992277992278 0.05652173913043478 0.06177606177606178
0 0.7036231884057971 0.20945945945945946 0.06811594202898551 0.08108108108108109
0 0.22681159420289856 0.5492277992277992 0.1144927536231884 0.138996138996139
0 0.358695652173913 0.3474903474903475 0.07101449275362319 0.08687258687258688
0 0.6710144927536232 0.1583011583011583 0.0463768115942029 0.05405405405405406
0 0.5905797101449275 0.29633204633204635 0.06811594202898551 0.07915057915057915
0 0.09565217391304348 0.2972972972972973 0.034782608695652174 0.04247104247104247
0 0.2768115942028985 0.11776061776061776 0.03188405797101449 0.03474903474903475
0 0.372463768115942 0.13513513513513514 0.02318840579710145 0.02702702702702703
3 0.29782608695652174 0.1833976833976834 0.057971014492753624 0.10038610038610038
3 0.5036231884057971 0.10231660231660232 0.050724637681159424 0.0888030888030888
3 0.33260869565217394 0.18532818532818532 0.0463768115942029 0.08301158301158301
2 0.28043478260869564 0.8378378378378378 0.18115942028985507 0.32432432432432434
2 0.8231884057971014 0.7519305019305019 0.24202898550724639 0.3552123552123552
0 0.8934782608695652 0.27702702702702703 0.07971014492753623 0.08687258687258688
2 0.45072463768115945 0.38996138996138996 0.1072463768115942 0.1969111969111969
2 0.16304347826086957 0.4362934362934363 0.09855072463768116 0.15637065637065636
2 0.04420289855072464 0.4864864864864865 0.08840579710144927 0.18146718146718147
1 0.021014492753623187 0.36196911196911197 0.042028985507246375 0.06756756756756757
1 0.11594202898550725 0.833976833976834 0.17391304347826086 0.277992277992278