0 0.155 0.41 0.15 0.14333333333333334
0 0.84625 0.435 0.0725 0.07
0 0.29125 0.43666666666666665 0.0425 0.043333333333333335
0 0.715 0.41833333333333333 0.0525 0.05
2 0.39 0.5283333333333333 0.0625 0.12666666666666668
0 0.39 0.4166666666666667 0.03 0.04
0 0.53625 0.41333333333333333 0.04 0.03666666666666667
0 0.42125 0.425 0.03 0.03666666666666667
0 0.23625 0.4533333333333333 0.04 0.06
2 0.845 0.6266666666666667 0.0875 0.24666666666666667
2 0.7375 0.595 0.0725 0.24333333333333335
2 0.10125 0.79 0.1575 0.41
2 0.54 0.49666666666666665 0.0525 0.10333333333333333
2 0.6775 0.53 0.0475 0.14333333333333334
1 0.67 0.4066666666666667 0.0525 0.08
2 0.43 0.5166666666666667 0.0475 0.11666666666666667
2 0.285 0.565 0.0475 0.13333333333333333