0 0.4803 0.22906077348066298 0.21626666666666666 0.22049723756906076
0 0.2952 0.39284530386740335 0.16788333333333333 0.2219060773480663
0 0.2553333333333333 0.14292817679558012 0.18633333333333332 0.17218232044198895
0 0.6994 0.19825966850828727 0.1505 0.194475138121547
0 0.8028666666666667 0.26464088397790053 0.14521666666666666 0.2036740331491713
2 0.8890666666666668 0.7518508287292818 0.22186666666666668 0.49629834254143645
2 0.4659166666666667 0.7796132596685084 0.3227333333333333 0.44077348066298344
0 0.9104833333333333 0.14392265193370166 0.17846666666666666 0.2878453038674033
0 0.06671666666666667 0.20013812154696134 0.13343333333333335 0.3923756906077348
0 0.16125 0.2948895027624309 0.13916666666666666 0.23342541436464087
0 0.5504166666666667 0.10911602209944751 0.20083333333333334 0.2154696132596685
2 0.15416666666666667 0.8080110497237569 0.19 0.34806629834254144