2 0.44265625000000003 0.6123905723905724 0.15613839285714287 0.34420875420875424
2 0.7709374999999999 0.6172727272727273 0.1263392857142857 0.23949494949494948
2 0.6095758928571428 0.5735016835016835 0.11814732142857143 0.19754208754208755
0 0.5983705357142857 0.39380471380471377 0.07075892857142857 0.07171717171717172
2 0.24977678571428572 0.6290572390572391 0.1615625 0.36703703703703705
0 0.2506696428571428 0.3672390572390572 0.08558035714285715 0.09494949494949495
0 0.8351785714285714 0.5107744107744108 0.04774553571428571 0.051043771043771044
0 0.7543973214285715 0.42154882154882156 0.07011160714285715 0.077003367003367
0 0.43294642857142857 0.3802020202020202 0.07348214285714286 0.08417508417508418
1 0.5445535714285714 0.41875420875420877 0.053013392857142856 0.09959595959595959
1 0.6891741071428571 0.45242424242424245 0.044642857142857144 0.07996632996632996
1 0.9706026785714286 0.4496296296296296 0.058772321428571424 0.11643097643097643
1 0.9263392857142857 0.48680134680134685 0.03720982142857143 0.07575757575757576
0 0.8700669642857143 0.6993602693602694 0.05116071428571429 0.08558922558922559