0 0.58 0.05305039787798409 0.11272727272727273 0.10610079575596817
2 0.34363636363636363 0.356763925729443 0.18727272727272729 0.3129973474801061
3 0.5918181818181818 0.29442970822281167 0.18 0.3156498673740053
3 0.022727272727272728 0.3740053050397878 0.045454545454545456 0.17506631299734748
0 0.8636363636363636 0.21220159151193635 0.03272727272727273 0.03978779840848806
0 0.9181818181818182 0.08753315649867374 0.03636363636363636 0.042440318302387266
0 0.18363636363636363 0.22148541114058357 0.04 0.03713527851458886
3 0.9254545454545454 0.1830238726790451 0.06363636363636363 0.1220159151193634
0 0.012727272727272728 0.23607427055702918 0.025454545454545455 0.0636604774535809
0 0.30454545454545456 0.10212201591511937 0.10909090909090909 0.10079575596816977
0 0.8018181818181818 0.21750663129973474 0.02727272727272727 0.03183023872679045
3 0.15 0.3687002652519894 0.05454545454545454 0.14058355437665782
3 0.8781818181818182 0.2546419098143236 0.04727272727272727 0.05570291777188329
3 0.8145454545454546 0.259946949602122 0.04181818181818182 0.05570291777188329
0 0.43272727272727274 0.20822281167108753 0.03636363636363636 0.042440318302387266