0 0.9344727272727273 0.8523013698630136 0.13107272727272729 0.21816438356164383
0 0.47058181818181816 0.3850410958904109 0.10643636363636363 0.15624657534246575
0 0.582709090909091 0.1557808219178082 0.05429090909090909 0.055589041095890405
0 0.6466545454545455 0.17939726027397263 0.05230909090909091 0.055178082191780824
1 0.8724181818181818 0.22972602739726025 0.07670909090909091 0.11115068493150684
0 0.307 0.16852054794520546 0.1146909090909091 0.10912328767123287
0 0.6949272727272727 0.16126027397260273 0.04198181818181818 0.047123287671232875
0 0.20227272727272727 0.16597260273972603 0.0895090909090909 0.09487671232876713
0 0.4924727272727273 0.23736986301369864 0.04410909090909091 0.04315068493150685
0 0.8092545454545454 0.14627397260273972 0.050981818181818184 0.06016438356164384
0 0.43361818181818185 0.2688219178082192 0.08849090909090909 0.10254794520547945
0 0.813690909090909 0.35835616438356166 0.03589090909090909 0.06364383561643835
0 0.061781818181818174 0.41912328767123286 0.055381818181818185 0.05838356164383561
1 0.5668181818181818 0.2876712328767123 0.05909090909090909 0.10684931506849316
1 0.4240909090909091 0.17876712328767122 0.05545454545454546 0.07808219178082192
1 0.2018181818181818 0.2910958904109589 0.11090909090909092 0.17397260273972603
2 0.8854545454545455 0.4465753424657534 0.11818181818181818 0.2958904109589041
2 0.6218181818181818 0.5986301369863014 0.1690909090909091 0.3780821917808219
2 0.1509090909090909 0.5534246575342465 0.11454545454545455 0.3726027397260274
2 0.2786363636363636 0.47534246575342465 0.08272727272727273 0.35342465753424657