0 0.325 0.14032697547683923 0.205 0.22888283378746593
0 0.2125 0.09400544959128065 0.19166666666666668 0.1880108991825613
0 0.225 0.44959128065395093 0.25833333333333336 0.3215258855585831
2 0.8833333333333333 0.8623978201634878 0.19 0.27520435967302453
0 0.7083333333333334 0.18119891008174388 0.21 0.2970027247956403
2 0.9541666666666667 0.3405994550408719 0.09166666666666666 0.2779291553133515
0 0.6591666666666667 0.45776566757493187 0.17 0.3923705722070845
2 0.7058333333333333 0.8841961852861036 0.20833333333333334 0.23160762942779292
3 0.25 0.8106267029972752 0.27666666666666667 0.31607629427792916
0 0.48583333333333334 0.09264305177111716 0.18166666666666667 0.18528610354223432
0 0.8433333333333334 0.2452316076294278 0.15333333333333332 0.1989100817438692
1 0.8208333333333333 0.6062670299727521 0.20166666666666666 0.444141689373297