0 0.448125 0.2607879924953096 0.0675 0.07879924953095685
0 0.3375 0.2954971857410882 0.0675 0.08067542213883677
0 0.0475 0.4277673545966229 0.0675 0.07879924953095685
0 0.834375 0.1848030018761726 0.06375 0.075046904315197
0 0.205 0.39587242026266417 0.0625 0.07317073170731707
0 0.7 0.17166979362101314 0.06 0.075046904315197
3 0.073125 0.5919324577861164 0.14625 0.23076923076923078
3 0.225 0.5318949343339587 0.11 0.15196998123827393
3 0.3425 0.4540337711069418 0.1325 0.18386491557223264
3 0.859375 0.33864915572232646 0.1675 0.16135084427767354
3 0.7375 0.3320825515947467 0.1325 0.20637898686679174