2 0.8852666666666666 0.5162155388471178 0.09405 0.1700250626566416
2 0.4777 0.4760902255639098 0.0879 0.1811779448621554
2 0.22323333333333334 0.5096741854636592 0.08961666666666668 0.1905012531328321
2 0.31758333333333333 0.5096491228070176 0.09241666666666667 0.17907268170426066
2 0.11355 0.5027318295739348 0.09276666666666666 0.19438596491228072
2 0.65775 0.49907268170426067 0.0861 0.13506265664160402
2 0.5684 0.5002005012531329 0.07053333333333334 0.1606766917293233
2 0.40375 0.5114035087719299 0.07763333333333333 0.18263157894736842
3 0.7952666666666667 0.5159649122807017 0.07196666666666666 0.1699749373433584
2 0.7165666666666667 0.5187218045112781 0.06121666666666666 0.16749373433583958
0 0.6424 0.36270676691729326 0.049666666666666665 0.043734335839598994
0 0.7075666666666667 0.3664912280701754 0.04596666666666666 0.047543859649122805
0 0.8882500000000001 0.36726817042606513 0.0504 0.04666666666666667
0 0.4825333333333333 0.3290726817042607 0.05483333333333333 0.047669172932330826
0 0.2292833333333333 0.3259398496240602 0.05575000000000001 0.057493734335839604
0 0.40935000000000005 0.3459899749373434 0.05465 0.05170426065162907
0 0.11656666666666667 0.30794486215538847 0.06446666666666667 0.058095238095238096
0 0.80215 0.36969924812030075 0.04373333333333333 0.04776942355889724
0 0.5652333333333334 0.34952380952380957 0.052533333333333335 0.0543609022556391
0 0.31551666666666667 0.33696741854636586 0.05658333333333334 0.05413533834586467