0 0.5725 0.26395348837209304 0.041666666666666664 0.03488372093023256
0 0.4083333333333333 0.3267441860465116 0.04833333333333333 0.04883720930232558
0 0.6516666666666666 0.27674418604651163 0.06166666666666667 0.06046511627906977
0 0.12916666666666668 0.3116279069767442 0.08 0.07906976744186046
0 0.7266666666666667 0.26395348837209304 0.06166666666666667 0.05813953488372093
0 0.5316666666666666 0.2837209302325581 0.041666666666666664 0.04186046511627907
0 0.3875 0.30348837209302326 0.04666666666666667 0.053488372093023255
0 0.5166666666666667 0.336046511627907 0.07 0.06744186046511629
0 0.8208333333333333 0.2813953488372093 0.07 0.07906976744186046
0 0.46416666666666667 0.3302325581395349 0.05333333333333334 0.07209302325581396
0 0.5941666666666666 0.3127906976744186 0.06666666666666667 0.06976744186046512
0 0.6108333333333333 0.26744186046511625 0.028333333333333332 0.03255813953488372
0 0.35583333333333333 0.30697674418604654 0.03333333333333333 0.03953488372093023
3 0.6133333333333333 0.5093023255813953 0.1 0.22790697674418606
3 0.5391666666666667 0.5162790697674419 0.075 0.21395348837209302
3 0.7483333333333333 0.4372093023255814 0.085 0.19069767441860466
3 0.8258333333333333 0.46511627906976744 0.095 0.22093023255813954
3 0.6758333333333333 0.4069767441860465 0.07333333333333333 0.16279069767441862
3 0.4791666666666667 0.49534883720930234 0.065 0.17674418604651163
3 0.43083333333333335 0.46511627906976744 0.04833333333333333 0.14418604651162792
3 0.14333333333333334 0.5313953488372093 0.10333333333333333 0.26976744186046514
3 0.37166666666666665 0.45 0.05 0.1372093023255814