0 0.8873222222222222 0.08846666666666667 0.1496888888888889 0.13458333333333333
2 0.919 0.4221166666666667 0.15987777777777776 0.3786
0 0.4445 0.20341666666666666 0.0702 0.06174999999999999
0 0.49854444444444446 0.26733333333333337 0.05156666666666666 0.04661666666666667
0 0.5824222222222222 0.2315333333333333 0.0612 0.06363333333333333
0 0.6725666666666666 0.36256666666666665 0.09297777777777778 0.10663333333333333
2 0.4277888888888889 0.39231666666666665 0.06184444444444444 0.2028
2 0.49953333333333333 0.4034666666666667 0.06018888888888889 0.14028333333333334
2 0.7963 0.36319999999999997 0.07407777777777778 0.24028333333333332
1 0.6986111111111111 0.26180000000000003 0.08055555555555556 0.12083333333333333
1 0.7824111111111111 0.18471666666666667 0.09074444444444445 0.13333333333333333