0 0.5684803001876173 0.3971830985915493 0.15196998123827393 0.2140845070422535
0 0.8461538461538461 0.20985915492957746 0.25328330206378985 0.11549295774647887
0 0.04127579737335835 0.3295774647887324 0.07879924953095685 0.1295774647887324
0 0.9690431519699813 0.3901408450704225 0.06191369606003752 0.13802816901408452
2 0.18292682926829268 0.6619718309859155 0.10694183864915573 0.3464788732394366
0 0.22420262664165103 0.33380281690140845 0.09568480300187618 0.09014084507042254
0 0.7279549718574109 0.44084507042253523 0.10131332082551595 0.09295774647887324
0 0.9212007504690432 0.4014084507042254 0.058161350844277676 0.061971830985915494
2 0.8583489681050657 0.7450704225352113 0.23076923076923078 0.5098591549295775
2 0.05628517823639775 0.6985915492957746 0.1125703564727955 0.4676056338028169
2 0.5684803001876173 0.7788732394366197 0.19887429643527205 0.4422535211267606
1 0.34709193245778613 0.352112676056338 0.14634146341463414 0.29014084507042254