0 0.8580937499999999 0.34868235294117644 0.036359375 0.032
0 0.337171875 0.29618823529411764 0.049109375 0.04654117647058824
0 0.7279375 0.3041411764705882 0.056796875000000004 0.06049411764705882
0 0.98103125 0.3200235294117647 0.037953125 0.031976470588235294
0 0.6406875000000001 0.30517647058823527 0.054718750000000003 0.06301176470588235
0 0.20104687499999999 0.2260705882352941 0.063890625 0.06251764705882353
2 0.195828125 0.4144 0.08446875000000001 0.2272470588235294
2 0.9703125 0.4284470588235294 0.059359375000000006 0.13256470588235295
0 0.5568125 0.2696235294117647 0.04696875 0.051929411764705884
0 0.47128125 0.2988235294117647 0.041999999999999996 0.066
0 0.93146875 0.3191294117647059 0.0316875 0.03167058823529412
2 0.8584531249999999 0.4567529411764706 0.044125 0.1384
2 0.7435625 0.47472941176470584 0.079046875 0.21037647058823528
2 0.656703125 0.4602117647058824 0.061578125 0.21454117647058826
2 0.562046875 0.4456705882352941 0.078125 0.22421176470588236
2 0.46507812499999995 0.4525882352941176 0.06434375 0.22145882352941176
2 0.322609375 0.4429176470588235 0.077203125 0.1744