2 0.9449200000000001 0.74776 0.10185333333333334 0.221
2 0.6729866666666667 0.72666 0.13518666666666668 0.22904
2 0.07510666666666667 0.72204 0.07790666666666667 0.20172
0 0.5397733333333333 0.61746 0.03521333333333333 0.03134
0 0.07676 0.55098 0.08650666666666666 0.08404
0 0.8036266666666667 0.5370199999999999 0.07637333333333333 0.08348
0 0.6628533333333333 0.53286 0.07428 0.09142
0 0.92 0.54286 0.08190666666666667 0.08286
0 0.44190666666666667 0.57786 0.03809333333333333 0.04142
2 0.4461866666666667 0.66428 0.06952 0.08
2 0.5323866666666667 0.75286 0.06857333333333333 0.13428
2 0.80952 0.775 0.11427999999999999 0.26142000000000004