0 0.3835 0.2773613193403298 0.123 0.15142428785607195
0 0.7995 0.19940029985007496 0.375 0.3988005997001499
0 0.1405 0.27136431784107945 0.271 0.29535232383808097
0 0.5135 0.19865067466266867 0.191 0.22788605697151423
3 0.5925 0.7181409295352323 0.261 0.5637181409295352
0 0.2965 0.30434782608695654 0.087 0.10794602698650675
3 0.843 0.7353823088455772 0.314 0.4362818590704648
0 0.0415 0.38830584707646176 0.083 0.095952023988006
3 0.406 0.6656671664167916 0.155 0.4362818590704648
3 0.0515 0.6124437781109445 0.083 0.2593703148425787
3 0.2965 0.5314842578710645 0.091 0.1724137931034483
2 0.201 0.760119940029985 0.22 0.47976011994003