0 0.49714285714285716 0.4489247311827957 0.03428571428571429 0.03763440860215054
0 0.07571428571428572 0.5161290322580645 0.054285714285714284 0.06451612903225806
0 0.6314285714285715 0.43010752688172044 0.037142857142857144 0.043010752688172046
0 0.79 0.44623655913978494 0.037142857142857144 0.03763440860215054
0 0.4 0.4596774193548387 0.03428571428571429 0.043010752688172046
0 0.35714285714285715 0.47580645161290325 0.02857142857142857 0.04838709677419355
0 0.4342857142857143 0.4596774193548387 0.037142857142857144 0.053763440860215055
0 0.5471428571428572 0.4543010752688172 0.02857142857142857 0.03763440860215054
0 0.5957142857142858 0.4274193548387097 0.02857142857142857 0.04838709677419355
1 0.73 0.46774193548387094 0.037142857142857144 0.07526881720430108
0 0.18142857142857144 0.489247311827957 0.037142857142857144 0.043010752688172046
0 0.28 0.5 0.03142857142857143 0.05913978494623656