3 0.8234848484848485 0.651 0.10303030303030303 0.174
3 0.7181818181818181 0.653 0.08181818181818182 0.174
3 0.9242424242424242 0.617 0.1 0.14
3 0.4462121212121212 0.634 0.0803030303030303 0.15
3 0.3643939393939394 0.651 0.07575757575757576 0.164
3 0.6151515151515151 0.66 0.0803030303030303 0.19
0 0.20227272727272727 0.558 0.03939393939393939 0.036
0 0.11060606060606061 0.509 0.03787878787878788 0.032
0 0.7045454545454546 0.512 0.06212121212121212 0.054
0 0.07196969696969698 0.55 0.045454545454545456 0.038
0 0.14924242424242423 0.536 0.04242424242424243 0.036
0 0.44242424242424244 0.501 0.04696969696969697 0.042
0 0.24696969696969698 0.516 0.03636363636363636 0.03
0 0.3696969696969697 0.505 0.04090909090909091 0.036
3 0.14242424242424243 0.653 0.06666666666666667 0.134
0 0.6037878787878788 0.516 0.04242424242424243 0.042
0 0.921969696969697 0.494 0.051515151515151514 0.046
0 0.8196969696969697 0.505 0.05454545454545454 0.054
0 0.2818181818181818 0.547 0.03787878787878788 0.04
3 0.08106060606060606 0.663 0.05303030303030303 0.14
0 0.5825757575757575 0.501 0.030303030303030304 0.034
3 0.2871212121212121 0.662 0.07272727272727272 0.154
0 0.30757575757575756 0.519 0.03787878787878788 0.036
0 0.5295454545454545 0.523 0.048484848484848485 0.054
0 0.35833333333333334 0.543 0.04393939393939394 0.036
0 0.19242424242424241 0.53 0.031818181818181815 0.032
3 0.5340909090909091 0.657 0.06818181818181818 0.158