0 0.574 0.239880059970015 0.119 0.14392803598200898
0 0.1645 0.27211394302848574 0.329 0.487256371814093
0 0.808 0.13943028485757122 0.264 0.2773613193403298
0 0.435 0.2136431784107946 0.186 0.2158920539730135
3 0.4475 0.7361319340329835 0.245 0.527736131934033
0 0.663 0.23238380809595202 0.085 0.10194902548725637
3 0.1865 0.8305847076461769 0.349 0.33883058470764615
0 0.93 0.21139430284857572 0.094 0.08995502248875563
3 0.6195 0.623688155922039 0.141 0.4302848575712144
3 0.9525 0.4340329835082459 0.075 0.2563718140929535
3 0.702 0.4512743628185907 0.086 0.1679160419790105
2 0.841 0.6784107946026986 0.203 0.5592203898050975