2 0.33125 0.6161048689138576 0.135 0.31835205992509363
0 0.33125 0.3258426966292135 0.105 0.10112359550561797
2 0.5625 0.6142322097378277 0.1325 0.40823970037453183
2 0.68625 0.6479400749063671 0.1 0.3333333333333333
2 0.465 0.6273408239700374 0.08 0.30337078651685395
0 0.67375 0.3782771535580524 0.09 0.10486891385767791
0 0.55375 0.24719101123595505 0.115 0.12359550561797752
0 0.4775 0.3895131086142322 0.08 0.10112359550561797
0 0.21625 0.41385767790262173 0.09 0.11235955056179775
0 0.1125 0.3539325842696629 0.0875 0.12734082397003746
0 0.045 0.31273408239700373 0.09 0.13108614232209737