0 0.49714285714285716 0.4489247311827957 0.03428571428571429 0.043010752688172046
0 0.9171428571428571 0.3521505376344086 0.054285714285714284 0.06989247311827956
0 0.36428571428571427 0.4838709677419355 0.04 0.04838709677419355
0 0.21142857142857144 0.5591397849462365 0.037142857142857144 0.043010752688172046
0 0.5928571428571429 0.4220430107526882 0.03428571428571429 0.04838709677419355
0 0.6357142857142857 0.41935483870967744 0.03142857142857143 0.04838709677419355
0 0.56 0.43548387096774194 0.037142857142857144 0.05913978494623656
0 0.44857142857142857 0.47580645161290325 0.02857142857142857 0.043010752688172046
0 0.39714285714285713 0.4650537634408602 0.03142857142857143 0.04838709677419355
1 0.2714285714285714 0.5591397849462365 0.04 0.08064516129032258
0 0.81 0.3655913978494624 0.037142857142857144 0.04838709677419355
0 0.7157142857142857 0.41397849462365593 0.03428571428571429 0.05913978494623656