3 0.3591666666666667 0.625 0.11666666666666667 0.23
2 0.76 0.485 0.08666666666666667 0.135
0 0.7141666666666666 0.395 0.035 0.045
0 0.755 0.38125 0.043333333333333335 0.0525
0 0.3433333333333333 0.45125 0.06 0.065
0 0.5641666666666667 0.425 0.035 0.0425
2 0.525 0.52875 0.07 0.115
0 0.52 0.4325 0.035 0.05
0 0.3883333333333333 0.5 0.025 0.03
0 0.4558333333333333 0.45 0.028333333333333332 0.0375
0 0.6283333333333333 0.4125 0.03666666666666667 0.045
2 0.64 0.5075 0.06 0.1175
2 0.58 0.51375 0.06 0.1125