3 0.6633333333333333 0.52 0.11666666666666667 0.23
2 0.26166666666666666 0.6575 0.08666666666666667 0.135
0 0.27666666666666667 0.54625 0.035 0.045
0 0.23583333333333334 0.56125 0.043333333333333335 0.0525
0 0.6266666666666667 0.3525 0.06 0.065
0 0.42083333333333334 0.475 0.035 0.0425
2 0.48583333333333334 0.5425 0.07 0.115
0 0.4625 0.4525 0.035 0.05
0 0.6 0.42625 0.025 0.03
0 0.525 0.42625 0.028333333333333332 0.0375
0 0.3591666666666667 0.50625 0.03666666666666667 0.045
2 0.37583333333333335 0.59875 0.06 0.1175
2 0.43166666666666664 0.565 0.06 0.1125