3 0.28918750000000004 0.4502625820568928 0.149578125 0.29588621444201313
3 0.7861875 0.4377024070021882 0.13315625 0.2474398249452954
0 0.22390625000000003 0.2273960612691466 0.026421875 0.023304157549234136
0 0.40043749999999995 0.22684901531728666 0.02946875 0.026433260393873087
0 0.510953125 0.12286652078774617 0.058390624999999995 0.043238512035010945
3 0.51875 0.3364332603938731 0.12509375 0.2655142231947484
0 0.803875 0.23577680525164113 0.06821875 0.05483588621444201
0 0.0480625 0.20945295404814004 0.08349999999999999 0.08347921225382932
0 0.751140625 0.21717724288840262 0.043328125 0.039124726477024065
3 0.22385937500000003 0.30549234135667397 0.048734375 0.09658643326039387
3 0.088671875 0.4001750547045952 0.1460625 0.24076586433260394
0 0.31559375 0.20562363238512035 0.071921875 0.067417943107221
0 0.602125 0.24089715536105033 0.02359375 0.02076586433260394
0 0.355953125 0.2694310722100656 0.034187499999999996 0.0437636761487965