2 0.95 0.689 0.1 0.234
2 0.6853333333333333 0.703 0.148 0.246
2 0.08933333333333333 0.777 0.08933333333333333 0.212
0 0.5466666666666666 0.612 0.037333333333333336 0.036
0 0.08133333333333333 0.606 0.09066666666666667 0.096
0 0.8046666666666666 0.497 0.08133333333333333 0.094
0 0.664 0.511 0.07866666666666666 0.1
0 0.9206666666666666 0.488 0.08666666666666667 0.094
0 0.44666666666666666 0.585 0.04 0.046
2 0.456 0.671 0.07333333333333333 0.088
2 0.5466666666666666 0.748 0.076 0.142
2 0.824 0.733 0.12933333333333333 0.276