3 0.6560333333333334 0.57435 0.0891 0.20397500000000002
2 0.24405000000000002 0.5731499999999999 0.0709 0.11382500000000001
0 0.27535000000000004 0.4703 0.031466666666666664 0.0342
0 0.2333666666666667 0.4702 0.037566666666666665 0.039725
0 0.6455833333333334 0.3994 0.054033333333333336 0.0482
0 0.42646666666666666 0.4489 0.031049999999999998 0.03405
2 0.47965 0.536075 0.057699999999999994 0.09692500000000001
0 0.47054999999999997 0.441325 0.03046666666666667 0.040975000000000004
0 0.60865 0.462375 0.022350000000000002 0.0227
0 0.53565 0.4368 0.025 0.029175
0 0.36156666666666665 0.45832500000000004 0.032400000000000005 0.0361
2 0.36435 0.55485 0.045366666666666666 0.104175
2 0.42406666666666665 0.5402750000000001 0.0463 0.1