0 0.43422138836772983 0.39397183098591554 0.14660412757973734 0.2052394366197183
0 0.16112570356472794 0.19183098591549294 0.25174484052532836 0.10270422535211268
0 0.9621763602251407 0.3552394366197183 0.07564727954971857 0.1268169014084507
0 0.030919324577861163 0.365718309859155 0.061838649155722326 0.13371830985915492
2 0.8133395872420263 0.6781971830985916 0.09968105065666041 0.3427887323943662
0 0.7799249530956848 0.3484788732394366 0.09307692307692307 0.08628169014084507
0 0.2732645403377111 0.4290422535211268 0.09848030018761726 0.08907042253521127
0 0.08095684803001876 0.37997183098591547 0.05639774859287054 0.057746478873239436
2 0.13609756097560977 0.7387323943661972 0.21917448405253281 0.5225352112676056
2 0.9432457786116323 0.7232394366197183 0.11350844277673545 0.46056338028169014
2 0.424484052532833 0.776056338028169 0.18855534709193245 0.43380281690140843
1 0.6566604127579737 0.36056338028169016 0.14071294559099437 0.28169014084507044