2 0.22016 0.5127200000000001 0.15584 0.23901333333333333
2 0.46236 0.4579466666666666 0.07898000000000001 0.18944000000000003
2 0.34652 0.48528 0.11314 0.24474666666666667
0 0.42294 0.25912 0.04568 0.04528
1 0.96096 0.2488 0.03918 0.0684
0 0.1494 0.26669333333333334 0.07644 0.06984
2 0.71254 0.34376 0.05822 0.12490666666666668
0 0.03772 0.25682666666666665 0.07544 0.07733333333333334
3 0.04852 0.4531733333333333 0.09706000000000001 0.20528000000000002
0 0.59 0.28496 0.053079999999999995 0.05293333333333334
0 0.8719199999999999 0.25762666666666667 0.07542 0.06386666666666667
0 0.29188 0.2600266666666667 0.0584 0.06322666666666667
1 0.7210599999999999 0.25333333333333335 0.04632 0.060346666666666667
0 0.46632 0.30736 0.06526 0.07018666666666666
0 0.22841999999999998 0.30176 0.08209999999999999 0.11229333333333333
0 0.36316000000000004 0.2631466666666667 0.08209999999999999 0.09402666666666666
0 0.54 0.24 0.03578 0.056133333333333334
0 0.63948 0.24141333333333334 0.04106 0.05896
2 0.8868400000000001 0.44770666666666664 0.08316 0.23298666666666668
2 0.52422 0.45264000000000004 0.05684 0.16421333333333332
2 0.58526 0.4196533333333333 0.06526 0.1572