3 0.8214090909090909 0.65842 0.10104545454545454 0.17198
3 0.7164848484848485 0.65776 0.07957575757575758 0.17248
3 0.9228636363636364 0.62648 0.09793939393939394 0.13776
3 0.44416666666666665 0.63288 0.0789090909090909 0.14796
3 0.36222727272727273 0.64776 0.07342424242424242 0.16278
3 0.6132272727272727 0.6622 0.07809090909090909 0.18802000000000002
0 0.201530303030303 0.5509400000000001 0.03818181818181818 0.0361
0 0.11045454545454546 0.49998000000000004 0.036893939393939396 0.030699999999999998
0 0.7041363636363637 0.51622 0.06177272727272728 0.05332
0 0.07107575757575757 0.5401 0.044348484848484845 0.03748
0 0.14892424242424243 0.52828 0.041818181818181824 0.03472
0 0.44219696969696975 0.50016 0.0465 0.040479999999999995
0 0.24665151515151515 0.51006 0.035348484848484844 0.02998
0 0.3696818181818182 0.5023 0.04040909090909091 0.0357
3 0.14045454545454547 0.6449600000000001 0.06530303030303031 0.13213999999999998
0 0.6039242424242424 0.51852 0.04190909090909091 0.04032
0 0.922030303030303 0.50386 0.05128787878787879 0.0443
0 0.8196060606060607 0.51188 0.05404545454545455 0.05298
0 0.28151515151515155 0.5418 0.037515151515151515 0.039740000000000004
3 0.07928787878787878 0.65304 0.051500000000000004 0.13922
0 0.5828636363636364 0.50256 0.030181818181818185 0.03258
3 0.2851212121212121 0.65658 0.07051515151515152 0.1527
0 0.3076515151515152 0.5144 0.03812121212121212 0.03574
0 0.5292424242424243 0.52346 0.048318181818181816 0.05294
0 0.3580757575757576 0.5395800000000001 0.04404545454545455 0.035840000000000004
0 0.1921060606060606 0.52286 0.03137878787878788 0.031420000000000003
3 0.5319242424242424 0.65786 0.06601515151515151 0.15572