2 0.850125 0.4857666666666666 0.10362500000000001 0.1655333333333333
2 0.221575 0.44580000000000003 0.0824 0.1286
2 0.6978 0.5107 0.12452500000000001 0.16916666666666666
2 0.03895 0.5113 0.0779 0.1611
2 0.3421 0.4159 0.067325 0.10286666666666666
0 0.8498 0.3181333333333333 0.06965 0.05846666666666667
0 0.053625 0.30956666666666666 0.044625000000000005 0.0383
0 0.5445 0.3275666666666667 0.043625 0.043533333333333334
0 0.7184 0.3409333333333333 0.074675 0.0756
0 0.085875 0.33593333333333336 0.04190000000000001 0.037766666666666664
0 0.6328 0.2999 0.039474999999999996 0.042833333333333334
0 0.0276 0.3527666666666667 0.0552 0.061099999999999995
0 0.344275 0.31666666666666665 0.03645 0.05
0 0.41875 0.31876666666666664 0.0375 0.04306666666666667
0 0.22344999999999998 0.3111 0.051050000000000005 0.055566666666666674
0 0.316675 0.2986 0.025 0.0361
2 0.53855 0.43889999999999996 0.058324999999999995 0.1389
2 0.42865000000000003 0.4305666666666666 0.065625 0.1389
2 0.6297 0.3958333333333333 0.053125 0.09723333333333334