2 0.43974545454545455 0.45362397820163486 0.10163636363636364 0.15899182561307904
1 0.29654545454545456 0.33743869209809263 0.041781818181818184 0.05215258855585831
2 0.8682 0.40678474114441415 0.08214545454545455 0.11634877384196186
1 0.8586363636363636 0.32084468664850135 0.05181818181818182 0.07220708446866485
1 0.4081818181818182 0.3276566757493188 0.06909090909090909 0.10217983651226158
1 0.25 0.4366485013623978 0.08727272727272728 0.12670299727520437
2 0.27136363636363636 0.6164850136239782 0.1190909090909091 0.22752043596730245
3 0.6186363636363637 0.335149863760218 0.026363636363636363 0.0653950953678474
3 0.6959090909090909 0.3119891008174387 0.026363636363636363 0.051771117166212535
0 0.6068181818181818 0.2847411444141689 0.022727272727272728 0.03814713896457766
0 0.6904545454545454 0.27043596730245234 0.026363636363636363 0.025885558583106268