2 0.15234375 0.6114583333333333 0.1515625 0.2625
2 0.05 0.5947916666666667 0.1 0.2604166666666667
0 0.853125 0.528125 0.084375 0.0875
0 0.66953125 0.5229166666666667 0.0625 0.06875
0 0.075 0.41875 0.06875 0.0625
0 0.38671875 0.5385416666666667 0.06875 0.07708333333333334
0 0.4578125 0.5041666666666667 0.0515625 0.04791666666666667
0 0.3015625 0.471875 0.0625 0.06041666666666667
0 0.18984375 0.4166666666666667 0.0765625 0.06875
2 0.49921875 0.746875 0.165625 0.32916666666666666
2 0.65703125 0.7177083333333333 0.1171875 0.24791666666666667
2 0.81640625 0.7520833333333333 0.1828125 0.30833333333333335
2 0.34609375 0.721875 0.1421875 0.25833333333333336
2 0.25546875 0.6572916666666667 0.090625 0.2520833333333333