2 0.16125 0.38166666666666665 0.13 0.19333333333333333
2 0.78 0.53 0.1025 0.15
2 0.305 0.45166666666666666 0.15 0.20333333333333334
2 0.9475 0.65 0.1025 0.18
2 0.6675 0.465 0.0825 0.12
0 0.19 0.21833333333333332 0.0775 0.07666666666666666
0 0.9675 0.4483333333333333 0.05 0.05
0 0.48625 0.31833333333333336 0.05 0.056666666666666664
0 0.31375 0.28 0.085 0.09666666666666666
0 0.93125 0.465 0.0475 0.05
0 0.40375 0.265 0.045 0.05333333333333334
0 0.97625 0.49833333333333335 0.0475 0.07666666666666666
0 0.6825 0.36833333333333335 0.045 0.06
0 0.61 0.34833333333333333 0.045 0.05333333333333334
0 0.80125 0.3983333333333333 0.06 0.07
0 0.7125 0.35833333333333334 0.03 0.043333333333333335
2 0.4725 0.42833333333333334 0.08 0.15333333333333332
2 0.58125 0.4533333333333333 0.0875 0.15666666666666668
2 0.39125 0.36 0.0675 0.11