3 0.2984375 0.3993435448577681 0.184375 0.3282275711159737
3 0.78984375 0.5087527352297593 0.1625 0.27571115973741794
0 0.26171875 0.16411378555798686 0.0296875 0.028446389496717725
0 0.4359375 0.20678336980306344 0.0328125 0.03282275711159737
0 0.5578125 0.13129102844638948 0.0625 0.05689277899343545
3 0.5390625 0.3435448577680525 0.15625 0.2910284463894967
0 0.83203125 0.31400437636761486 0.0734375 0.0700218818380744
0 0.090625 0.10393873085339168 0.0921875 0.10284463894967177
0 0.78203125 0.28227571115973743 0.046875 0.04814004376367615
3 0.25234375 0.24179431072210067 0.059375 0.10722100656455143
3 0.10703125 0.30196936542669583 0.1734375 0.2735229759299781
0 0.3546875 0.1652078774617068 0.0796875 0.08315098468271334
0 0.6328125 0.26914660831509846 0.0265625 0.0262582056892779
0 0.38671875 0.237417943107221 0.0390625 0.05032822757111598