3 0.29375 0.4201312910284464 0.1703125 0.3150984682713348
3 0.7890625 0.4803063457330416 0.1515625 0.2647702407002188
0 0.24609375 0.18818380743982493 0.028125 0.0262582056892779
0 0.42109375 0.21334792122538293 0.03125 0.030634573304157548
0 0.5390625 0.12691466083150985 0.0609375 0.0525164113785558
3 0.53046875 0.3402625820568928 0.14375 0.28227571115973743
0 0.821875 0.2811816192560175 0.071875 0.06345733041575492
0 0.071875 0.14442013129102846 0.0890625 0.0962800875273523
0 0.77109375 0.25601750547045954 0.0453125 0.045951859956236324
3 0.23984375 0.2658643326039387 0.05625 0.10284463894967177
3 0.0984375 0.3402625820568928 0.1625 0.2603938730853392
0 0.33828125 0.18052516411378555 0.0765625 0.07658643326039387
0 0.62109375 0.25711159737417943 0.025 0.024070021881838075
0 0.37421875 0.24945295404814005 0.0375 0.04814004376367615