0 0.40835000000000005 0.25295352323838083 0.11091 0.12755622188905547
0 0.83347 0.21904047976011992 0.33306 0.438095952023988
0 0.1687 0.18982008995502248 0.24852000000000002 0.24037481259370316
0 0.54467 0.20533733133433285 0.17359 0.18928035982008995
3 0.5689 0.7382008995502248 0.20937999999999998 0.5205847076461769
0 0.31939999999999996 0.25926536731634187 0.07895 0.09022488755622189
3 0.8371799999999999 0.8181409295352324 0.32565 0.3637331334332834
0 0.05225 0.2805247376311844 0.0889 0.0761319340329835
3 0.39 0.6419490254872564 0.11273000000000001 0.41433283358320844
3 0.045450000000000004 0.5056521739130434 0.05818 0.2480509745127436
3 0.29591 0.4831634182908545 0.07545 0.15674662668665668
2 0.17318 0.7312293853073464 0.16636 0.5356371814092953