0 0.4989714285714285 0.44919354838709674 0.03351428571428572 0.032741935483870964
0 0.07571428571428572 0.4615591397849462 0.0518 0.057956989247311824
0 0.6336857142857143 0.4476344086021506 0.03682857142857143 0.04010752688172043
0 0.7906857142857143 0.48306451612903223 0.03465714285714286 0.03295698924731183
0 0.4018857142857143 0.4463978494623656 0.032342857142857145 0.04102150537634409
0 0.3590285714285714 0.45698924731182794 0.027828571428571428 0.04241935483870968
0 0.43534285714285714 0.45204301075268816 0.0346 0.04951612903225807
0 0.5492571428571429 0.4619354838709678 0.026314285714285717 0.035376344086021506
0 0.5988857142857144 0.4393010752688172 0.027828571428571428 0.04387096774193548
1 0.7312 0.49731182795698925 0.03534285714285714 0.0721505376344086
0 0.18271428571428572 0.4477956989247312 0.03608571428571429 0.03822580645161291
0 0.28008571428571427 0.4711290322580645 0.029314285714285713 0.053763440860215055