2 0.10733333333333334 0.888 0.13466666666666666 0.224
2 0.36866666666666664 0.783 0.168 0.272
2 0.9466666666666667 0.56 0.10666666666666667 0.224
0 0.4806666666666667 0.628 0.03866666666666667 0.044
0 0.9186666666666666 0.396 0.09733333333333333 0.112
0 0.21133333333333335 0.646 0.088 0.108
0 0.3473333333333333 0.591 0.08666666666666667 0.116
0 0.09933333333333333 0.694 0.09333333333333334 0.11
0 0.5686666666666667 0.554 0.044 0.054
2 0.5786666666666667 0.64 0.08 0.102
2 0.5093333333333333 0.757 0.088 0.156
2 0.24333333333333335 0.865 0.15333333333333332 0.27