2 0.44636363636363635 0.43869209809264303 0.11818181818181818 0.18256130790190736
1 0.3181818181818182 0.28746594005449594 0.04727272727272727 0.06267029972752043
2 0.8736363636363637 0.5040871934604905 0.09454545454545454 0.1362397820163488
1 0.8736363636363637 0.41689373297002724 0.06 0.08446866485013624
1 0.43 0.3065395095367847 0.08 0.11989100817438691
1 0.2609090909090909 0.37193460490463215 0.1 0.14713896457765668
2 0.2609090909090909 0.555858310626703 0.14363636363636365 0.2561307901907357
3 0.6363636363636364 0.3678474114441417 0.03272727272727273 0.07084468664850137
3 0.7145454545454546 0.36648501362397823 0.03272727272727273 0.05722070844686648
0 0.63 0.31607629427792916 0.02727272727272727 0.043596730245231606
0 0.7145454545454546 0.3228882833787466 0.02909090909090909 0.0326975476839237