0 0.12890625 0.46352941176470586 0.040625 0.042352941176470586
0 0.63125 0.24941176470588236 0.0546875 0.0611764705882353
0 0.25 0.38 0.0640625 0.07764705882352942
0 0.01171875 0.47294117647058825 0.0234375 0.042352941176470586
0 0.33515625 0.35294117647058826 0.0625 0.07764705882352942
0 0.7546875 0.1388235294117647 0.071875 0.08
2 0.7859375 0.3211764705882353 0.1140625 0.24941176470588236
2 0.034375 0.5776470588235294 0.06875 0.14823529411764705
0 0.4125 0.29294117647058826 0.053125 0.06588235294117648
0 0.5 0.29411764705882354 0.05 0.07764705882352942
0 0.053125 0.4576470588235294 0.0359375 0.04
2 0.14375 0.5694117647058824 0.0625 0.14823529411764705
2 0.25859375 0.5517647058823529 0.10625 0.23058823529411765
2 0.34140625 0.5105882352941177 0.090625 0.22823529411764706
2 0.43203125 0.46588235294117647 0.1078125 0.2447058823529412
2 0.52734375 0.4423529411764706 0.09375 0.2376470588235294
2 0.665625 0.38823529411764707 0.1 0.1952941176470588