3 0.20757575757575758 0.736 0.12424242424242424 0.194
3 0.3106060606060606 0.709 0.10303030303030303 0.19
3 0.10303030303030303 0.731 0.11666666666666667 0.16
3 0.5742424242424242 0.616 0.09848484848484848 0.166
3 0.6568181818181819 0.61 0.09545454545454546 0.178
3 0.4121212121212121 0.688 0.10454545454545454 0.204
0 0.8 0.475 0.04242424242424243 0.046
0 0.8825757575757576 0.402 0.04090909090909091 0.04
0 0.30227272727272725 0.567 0.06818181818181818 0.068
0 0.9265151515151515 0.431 0.048484848484848485 0.048
0 0.8484848484848485 0.439 0.045454545454545456 0.044
0 0.5568181818181818 0.486 0.051515151515151514 0.052
0 0.75 0.446 0.03939393939393939 0.038
0 0.628030303030303 0.469 0.045454545454545456 0.046
3 0.8742424242424243 0.552 0.08333333333333333 0.146
0 0.40075757575757576 0.544 0.04696969696969697 0.05
0 0.08636363636363636 0.61 0.05606060606060606 0.056
0 0.18787878787878787 0.592 0.06060606060606061 0.066
0 0.7204545454545455 0.486 0.04242424242424243 0.048
3 0.9348484848484848 0.544 0.07121212121212121 0.15
0 0.41893939393939394 0.523 0.03484848484848485 0.04
3 0.7333333333333333 0.6 0.09090909090909091 0.168
0 0.6909090909090909 0.466 0.04242424242424243 0.044
0 0.475 0.53 0.05454545454545454 0.064
0 0.6446969696969697 0.503 0.048484848484848485 0.046
0 0.8053030303030303 0.445 0.03484848484848485 0.038
3 0.49166666666666664 0.663 0.08787878787878788 0.17