2 0.5636363636363636 0.4645776566757493 0.11454545454545455 0.1771117166212534
1 0.7154545454545455 0.3760217983651226 0.045454545454545456 0.05994550408719346
2 0.14181818181818182 0.3405994550408719 0.09090909090909091 0.1307901907356948
1 0.15818181818181817 0.2561307901907357 0.05818181818181818 0.08174386920980926
1 0.6054545454545455 0.3460490463215259 0.07636363636363637 0.11444141689373297
1 0.7536363636363637 0.4822888283378747 0.09636363636363636 0.14168937329700274
2 0.7172727272727273 0.6580381471389646 0.13636363636363635 0.24795640326975477
3 0.39545454545454545 0.31471389645776565 0.03090909090909091 0.07084468664850137
3 0.3209090909090909 0.2779291553133515 0.03090909090909091 0.05722070844686648
0 0.4118181818181818 0.2670299727520436 0.025454545454545455 0.04087193460490463
0 0.33 0.23705722070844687 0.02909090909090909 0.02997275204359673