0 0.42120075046904315 0.4169014084507042 0.1726078799249531 0.24788732394366197
0 0.1275797373358349 0.30422535211267604 0.2551594746716698 0.18028169014084508
0 0.9324577861163227 0.2140845070422535 0.09193245778611632 0.14647887323943662
0 0.03095684803001876 0.5140845070422535 0.06191369606003752 0.14929577464788732
2 0.8311444652908068 0.576056338028169 0.14446529080675422 0.36619718309859156
0 0.7532833020637899 0.2647887323943662 0.10318949343339587 0.11267605633802817
0 0.2682926829268293 0.5014084507042254 0.10881801125703565 0.11830985915492957
0 0.07317073170731707 0.5140845070422535 0.06378986866791744 0.07323943661971831
2 0.1772983114446529 0.7774647887323943 0.2870544090056285 0.4450704225352113
2 0.9380863039399625 0.5788732394366197 0.12382739212007504 0.48732394366197185
2 0.4634146341463415 0.7746478873239436 0.24390243902439024 0.4507042253521127
1 0.6341463414634146 0.31408450704225355 0.17636022514071295 0.3183098591549296