2 0.223 0.448 0.184 0.272
2 0.468 0.4493333333333333 0.102 0.20533333333333334
2 0.351 0.4493333333333333 0.144 0.26666666666666666
0 0.455 0.24533333333333332 0.05 0.056
1 0.981 0.3586666666666667 0.038 0.07733333333333334
0 0.185 0.18933333333333333 0.084 0.08533333333333333
2 0.73 0.396 0.074 0.136
0 0.076 0.15333333333333332 0.084 0.09333333333333334
3 0.061 0.34933333333333333 0.122 0.224
0 0.617 0.30933333333333335 0.06 0.064
0 0.898 0.348 0.082 0.08
0 0.326 0.216 0.066 0.07466666666666667
1 0.75 0.308 0.054 0.06933333333333333
0 0.492 0.30266666666666664 0.074 0.08533333333333333
0 0.258 0.24133333333333334 0.096 0.13066666666666665
0 0.396 0.23466666666666666 0.094 0.112
0 0.573 0.25333333333333335 0.042 0.064
0 0.671 0.2773333333333333 0.048 0.06666666666666667
2 0.888 0.5386666666666666 0.112 0.248
2 0.53 0.45866666666666667 0.078 0.176
2 0.594 0.44 0.084 0.17066666666666666