2 0.65124 0.16053 0.09654 0.14643
3 0.12966999999999998 0.67583 0.11152 0.17064
2 0.62258 0.7041000000000001 0.09043000000000001 0.23371
1 0.39543 0.5154299999999999 0.049049999999999996 0.03753
0 0.13675 0.53746 0.05366 0.03857
2 0.43345 0.17558 0.09964 0.14038
0 0.61249 0.52297 0.05298 0.038149999999999996
0 0.8474400000000001 0.5332100000000001 0.05296 0.04395
0 0.64032 0.04503 0.05534 0.04272
0 0.87949 0.02734 0.055670000000000004 0.04416
0 0.43817 0.04611 0.049100000000000005 0.03404
2 0.38631 0.6580199999999999 0.11475 0.14109
2 0.84929 0.68714 0.11571 0.17714
2 0.16643 0.18928999999999999 0.10429000000000001 0.19857
1 0.17357 0.05786 0.05857 0.06429
2 0.87387 0.16819 0.09667 0.14781