2 0.6724 0.60187265917603 0.125 0.310561797752809
0 0.662 0.3129588014981273 0.10227499999999999 0.09239700374531835
2 0.4412 0.6193632958801498 0.1176 0.4008988764044944
2 0.31945 0.6630711610486891 0.0889 0.32737827715355805
2 0.5389 0.6249063670411985 0.068525 0.2982397003745318
0 0.322675 0.3911610486891386 0.0861 0.09711610486891385
0 0.4375 0.2510861423220974 0.112025 0.11374531835205993
0 0.518525 0.3870037453183521 0.075925 0.09711610486891385
0 0.7805500000000001 0.3911610486891386 0.087025 0.10543071161048688
0 0.8819499999999999 0.3246067415730337 0.08425 0.11928838951310862
0 0.95185 0.2808988764044944 0.09630000000000001 0.12344569288389513