2 0.2015625 0.7635416666666667 0.1734375 0.2791666666666667
2 0.09296875 0.8 0.14375 0.27291666666666664
0 0.8390625 0.3645833333333333 0.090625 0.1
0 0.665625 0.44375 0.0671875 0.07708333333333334
0 0.0796875 0.6177083333333333 0.0734375 0.07291666666666667
0 0.403125 0.5875 0.0734375 0.0875
0 0.46171875 0.5239583333333333 0.0546875 0.05625
0 0.30625 0.5635416666666667 0.065625 0.06875
0 0.1875 0.5625 0.08125 0.08125
2 0.5625 0.7322916666666667 0.1953125 0.34791666666666665
2 0.703125 0.6333333333333333 0.1390625 0.2604166666666667
2 0.86171875 0.5927083333333333 0.2078125 0.33125
2 0.41171875 0.7791666666666667 0.1640625 0.275
2 0.3109375 0.759375 0.1140625 0.2604166666666667