2 0.15 0.5016666666666667 0.1075 0.17
2 0.77625 0.43333333333333335 0.085 0.13333333333333333
2 0.3025 0.52 0.13 0.17333333333333334
2 0.96 0.48833333333333334 0.08 0.16333333333333333
2 0.655 0.4083333333333333 0.07 0.10666666666666667
0 0.14625 0.335 0.07 0.06333333333333334
0 0.94125 0.28833333333333333 0.045 0.04
0 0.45125 0.33 0.045 0.04666666666666667
0 0.2775 0.3516666666666667 0.0775 0.08
0 0.91 0.31666666666666665 0.0425 0.04
0 0.3625 0.30666666666666664 0.04 0.043333333333333335
0 0.96875 0.33166666666666667 0.0575 0.06333333333333334
0 0.65125 0.31 0.0375 0.05
0 0.57625 0.315 0.0375 0.043333333333333335
0 0.77125 0.29833333333333334 0.0525 0.056666666666666664
0 0.6775 0.29 0.025 0.03666666666666667
2 0.46 0.44 0.0625 0.14
2 0.57 0.4266666666666667 0.07 0.14333333333333334
2 0.3675 0.40166666666666667 0.055 0.1