2 0.837296875 0.6593541666666667 0.13265625 0.24466666666666667
2 0.949171875 0.6606875 0.10165625 0.24820833333333334
0 0.146640625 0.47831250000000003 0.079171875 0.0775
0 0.32940625 0.4990625 0.058750000000000004 0.05985416666666667
0 0.929125 0.4782291666666667 0.06525 0.052708333333333336
0 0.60975 0.554 0.063328125 0.06835416666666667
0 0.54178125 0.5103541666666667 0.04815625 0.041875
0 0.699265625 0.49927083333333333 0.05853125 0.051666666666666666
0 0.8148593749999999 0.46 0.07228124999999999 0.06002083333333333
2 0.481140625 0.7452916666666667 0.14259375000000002 0.3114166666666666
2 0.327140625 0.6946041666666667 0.09962499999999999 0.23527083333333335
2 0.165625 0.70625 0.160421875 0.2875
2 0.6359375 0.7423541666666666 0.123953125 0.24306250000000001
2 0.730734375 0.6902708333333333 0.071875 0.2444375