2 0.66375 0.6292134831460674 0.145 0.3295880149812734
0 0.67375 0.3389513108614232 0.1075 0.10861423220973783
2 0.43375 0.6086142322097379 0.145 0.4157303370786517
2 0.30875 0.6348314606741573 0.1125 0.3408239700374532
2 0.53 0.6310861423220974 0.09 0.30711610486891383
0 0.33125 0.36329588014981273 0.0925 0.10861423220973783
0 0.455 0.24344569288389514 0.12 0.13108614232209737
0 0.52625 0.3913857677902622 0.0825 0.10861423220973783
0 0.78625 0.4363295880149813 0.095 0.1198501872659176
0 0.8925 0.3857677902621723 0.0925 0.13108614232209737
0 0.95625 0.350187265917603 0.0875 0.13857677902621723