0 0.8578125 0.34823529411764703 0.0359375 0.03294117647058824
0 0.3375 0.2964705882352941 0.0484375 0.047058823529411764
0 0.728125 0.30470588235294116 0.05625 0.0611764705882353
0 0.98125 0.32 0.0375 0.03294117647058824
0 0.640625 0.30470588235294116 0.0546875 0.06352941176470588
0 0.20078125 0.22588235294117648 0.0640625 0.06352941176470588
2 0.19609375 0.41411764705882353 0.084375 0.22823529411764706
2 0.9703125 0.42823529411764705 0.059375 0.13176470588235295
0 0.55703125 0.26941176470588235 0.046875 0.05176470588235294
0 0.47109375 0.2988235294117647 0.0421875 0.06588235294117648
0 0.93125 0.31882352941176473 0.03125 0.03058823529411765
2 0.85859375 0.45647058823529413 0.04375 0.1388235294117647
2 0.74375 0.4752941176470588 0.0796875 0.20941176470588235
2 0.65703125 0.46 0.0609375 0.21411764705882352
2 0.56171875 0.44588235294117645 0.078125 0.2235294117647059
2 0.46484375 0.45294117647058824 0.0640625 0.2211764705882353
2 0.32265625 0.4423529411764706 0.0765625 0.17411764705882352