2 0.224 0.564 0.18 0.26666666666666666
2 0.458 0.4653333333333333 0.098 0.20266666666666666
2 0.346 0.5133333333333333 0.138 0.264
0 0.399 0.276 0.05 0.05333333333333334
1 0.93 0.16533333333333333 0.046 0.07466666666666667
0 0.128 0.33466666666666667 0.082 0.08266666666666667
2 0.694 0.30533333333333335 0.07 0.13333333333333333
0 0.029 0.344 0.058 0.09066666666666667
3 0.053 0.5373333333333333 0.106 0.22133333333333333
0 0.567 0.27066666666666667 0.058 0.06133333333333333
0 0.843 0.19066666666666668 0.082 0.07733333333333334
0 0.269 0.30133333333333334 0.064 0.07466666666666667
1 0.693 0.21466666666666667 0.052 0.06933333333333333
0 0.447 0.316 0.072 0.08266666666666667
0 0.21 0.3546666666666667 0.094 0.12533333333333332
0 0.34 0.2906666666666667 0.092 0.10933333333333334
0 0.512 0.23466666666666666 0.042 0.06133333333333333
0 0.611 0.21866666666666668 0.046 0.06666666666666667
2 0.878 0.376 0.106 0.24533333333333332
2 0.519 0.448 0.074 0.17333333333333334
2 0.576 0.404 0.082 0.168