1 0.5564814814814815 0.38680555555555557 0.07222222222222222 0.12222222222222222
0 0.4425925925925926 0.39166666666666666 0.06851851851851852 0.08194444444444444
2 0.24722222222222223 0.5729166666666666 0.13333333333333333 0.2513888888888889
0 0.4050925925925926 0.8986111111111111 0.14074074074074075 0.19305555555555556
0 0.7 0.44027777777777777 0.07685185185185185 0.07916666666666666
2 0.8138888888888889 0.6090277777777777 0.12685185185185185 0.2763888888888889
2 0.40925925925925927 0.5861111111111111 0.11666666666666667 0.25555555555555554
3 0.08981481481481482 0.44513888888888886 0.14537037037037037 0.32916666666666666
1 0.09398148148148149 0.23333333333333334 0.08981481481481482 0.1388888888888889
1 0.8310185185185185 0.41597222222222224 0.07685185185185185 0.12638888888888888
2 0.7013888888888888 0.6347222222222222 0.1 0.25416666666666665
2 0.5430555555555555 0.5875 0.11018518518518519 0.2861111111111111
0 0.25601851851851853 0.3597222222222222 0.07314814814814814 0.09722222222222222