0 0.6398550724637682 0.1532608695652174 0.050724637681159424 0.05217391304347826
0 0.5405797101449276 0.10326086956521739 0.04782608695652174 0.05217391304347826
0 0.5557971014492754 0.4652173913043478 0.05652173913043478 0.06739130434782609
0 0.7137681159420289 0.04565217391304348 0.07681159420289856 0.09130434782608696
0 0.42681159420289855 0.225 0.04782608695652174 0.06521739130434782
0 0.24057971014492754 0.43369565217391304 0.036231884057971016 0.05
0 0.17753623188405798 0.45543478260869563 0.03188405797101449 0.043478260869565216
2 0.2528985507246377 0.5195652173913043 0.06086956521739131 0.10434782608695652
2 0.1934782608695652 0.5130434782608696 0.0391304347826087 0.06739130434782609
2 0.4434782608695652 0.3858695652173913 0.08115942028985507 0.1782608695652174
2 0.5840579710144927 0.5945652173913043 0.10144927536231885 0.15217391304347827
2 0.6782608695652174 0.3239130434782609 0.09420289855072464 0.2108695652173913
2 0.5615942028985508 0.25 0.08405797101449275 0.17173913043478262
2 0.7833333333333333 0.24456521739130435 0.13333333333333333 0.27391304347826084