2 0.199 0.4561140285071268 0.26 0.2730682670667667
2 0.806 0.46586646661665415 0.285 0.30982745686421603
2 0.403 0.4021005251312828 0.189 0.23105776444111029
0 0.3105 0.13915978994748687 0.047 0.03825956489122281
0 0.2375 0.24268567141785446 0.138 0.08777194298574643
2 0.6145 0.3428357089272318 0.192 0.14703675918979744
0 0.0945 0.15003750937734434 0.066 0.04051012753188297
0 0.4325 0.15603900975243812 0.056 0.03975993998499625
0 0.0365 0.1571642910727682 0.043 0.042010502625656414
0 0.685 0.2115528882220555 0.119 0.09152288072018004
0 0.2635 0.14891222805701426 0.048 0.03675918979744936
0 0.289 0.17666916729182294 0.064 0.037509377344336084
0 0.63 0.17254313578394598 0.048 0.03600900225056264
0 0.199 0.1369092273068267 0.047 0.030007501875468866
0 0.4385 0.21192798199549887 0.125 0.08552138034508627
0 0.5765 0.17029257314328583 0.061 0.04276069017254314
0 0.9415 0.17291822955738934 0.089 0.06151537884471118
0 0.03 0.22618154538634658 0.038 0.06676669167291822
0 0.743 0.15678919729932483 0.067 0.04126031507876969
0 0.981 0.19879969992498125 0.038 0.05251312828207052
1 0.8315 0.23143285821455364 0.178 0.18904726181545387
1 0.111 0.218304576144036 0.088 0.09077269317329333
1 0.357 0.25731432858214554 0.083 0.07126781695423856