0 0.34130434782608693 0.4323017408123791 0.03333333333333333 0.030947775628626693
2 0.4492753623188406 0.5967117988394585 0.15942028985507245 0.2804642166344294
0 0.37681159420289856 0.44680851063829785 0.030434782608695653 0.029013539651837523
0 0.0391304347826087 0.49032882011605416 0.04492753623188406 0.04448742746615087
0 0.7028985507246377 0.37524177949709864 0.028985507246376812 0.025145067698259187
0 0.4398550724637681 0.37524177949709864 0.07391304347826087 0.061895551257253385
0 0.9115942028985508 0.32688588007736946 0.030434782608695653 0.029013539651837523
0 0.26666666666666666 0.45164410058027077 0.03188405797101449 0.029013539651837523
2 0.5695652173913044 0.4796905222437137 0.06086956521739131 0.10251450676982592
0 0.8463768115942029 0.3365570599613153 0.02753623188405797 0.027079303675048357
0 0.6108695652173913 0.3994197292069632 0.03333333333333333 0.030947775628626693
3 0.7144927536231884 0.4332688588007737 0.04927536231884058 0.0735009671179884
0 0.28840579710144926 0.45454545454545453 0.021739130434782608 0.02127659574468085
2 0.9804347826086957 0.4071566731141199 0.0391304347826087 0.10444874274661509
0 0.5565217391304348 0.4032882011605416 0.030434782608695653 0.03288201160541586
0 0.12608695652173912 0.45164410058027077 0.0391304347826087 0.048355899419729204
2 0.27608695652173915 0.5357833655705996 0.04782608695652174 0.10444874274661509
2 0.14420289855072463 0.5618955512572534 0.07246376811594203 0.14119922630560927
2 0.050724637681159424 0.597678916827853 0.05652173913043478 0.13346228239845262
2 0.3492753623188406 0.5077369439071566 0.05652173913043478 0.09864603481624758
3 0.29782608695652174 0.504835589941973 0.0391304347826087 0.06963249516441006