2 0.181875 0.7776735459662288 0.21375 0.4446529080675422
2 0.320625 0.5694183864915572 0.12875 0.25328330206378985
2 0.608125 0.5975609756097561 0.19125 0.38461538461538464
2 0.495 0.5919324577861164 0.12625 0.29831144465290804
2 0.841875 0.47842401500938087 0.19875 0.3921200750469043
0 0.6825 0.3170731707317073 0.05 0.0525328330206379
1 0.32875 0.4024390243902439 0.065 0.10318949343339587
1 0.816875 0.23076923076923078 0.1 0.14634146341463414
1 0.59625 0.3649155722326454 0.0875 0.1575984990619137
1 0.485625 0.400562851782364 0.0775 0.12195121951219512
1 0.166875 0.46810506566604126 0.175 0.2570356472795497
0 0.673125 0.5187617260787992 0.10875 0.15572232645403378
0 0.916875 0.27861163227016883 0.07 0.07879924953095685