2 0.726 0.374 0.19066666666666668 0.348
2 0.6153333333333333 0.532 0.10133333333333333 0.18
2 0.31933333333333336 0.681 0.148 0.256
2 0.49866666666666665 0.641 0.14133333333333334 0.252
2 0.9113333333333333 0.323 0.13333333333333333 0.208
2 0.25066666666666665 0.737 0.11333333333333333 0.2
2 0.4086666666666667 0.694 0.11733333333333333 0.23
2 0.142 0.754 0.12266666666666666 0.24
0 0.262 0.504 0.050666666666666665 0.054
0 0.44666666666666666 0.499 0.05333333333333334 0.062
0 0.228 0.611 0.06 0.07
0 0.388 0.392 0.056 0.074
0 0.37933333333333336 0.544 0.05733333333333333 0.066
0 0.306 0.504 0.06 0.068
0 0.6433333333333333 0.17 0.08266666666666667 0.094
0 0.5946666666666667 0.405 0.056 0.062
0 0.118 0.598 0.08133333333333333 0.092
1 0.5893333333333334 0.377 0.032 0.038
0 0.898 0.203 0.08133333333333333 0.088
0 0.49 0.466 0.044 0.06