2 0.19690000000000002 0.46408102025506376 0.24800999999999998 0.2670667666916729
2 0.8041 0.4578394598649662 0.27087 0.3025881470367592
2 0.39855 0.40486871717929485 0.17834999999999998 0.22682670667666918
0 0.29398 0.14417104276069018 0.04543 0.03687171792948237
0 0.22575 0.24957989497374344 0.13385 0.08405851462865717
2 0.6070800000000001 0.3399474868717179 0.18511000000000002 0.14194298574643663
0 0.07859000000000001 0.16070517629407352 0.06420999999999999 0.039017254313578394
0 0.41672000000000003 0.15790697674418605 0.054520000000000006 0.03804201050262566
0 0.02063 0.1693623405851463 0.04126 0.0408927231807952
0 0.67149 0.2070667666916729 0.11449 0.08856714178544636
0 0.24756 0.1553938484621155 0.04589 0.03555138784696174
0 0.27414 0.18222805701425357 0.06278 0.036196549137284324
0 0.6147999999999999 0.1692498124531133 0.04682 0.03510127531882971
0 0.18230000000000002 0.1449362340585146 0.04539 0.029174793698424607
0 0.42505000000000004 0.2136009002250563 0.12154999999999999 0.08253563390847711
0 0.56116 0.1686271567891973 0.0591 0.041387846961740436
0 0.92608 0.16138784696174044 0.0867 0.05948987246811703
0 0.01771 0.23848462115528882 0.03528 0.0658814703675919
0 0.72666 0.1506901725431358 0.06536 0.03933233308327082
0 0.97456 0.18661665416354087 0.05088 0.05084021005251312
1 0.819 0.22280570142535633 0.17 0.18454613653413354
1 0.098 0.2288072018004501 0.084 0.08852213053263316
1 0.346 0.26106526631657917 0.08 0.0690172543135784