0 0.248 0.6261261261261262 0.132 0.12912912912912913
0 0.022 0.5022522522522522 0.044 0.06156156156156156
0 0.07 0.41366366366366364 0.049 0.04804804804804805
0 0.1175 0.4894894894894895 0.037 0.04054054054054054
0 0.1695 0.5015015015015015 0.042 0.04804804804804805
0 0.191 0.5578078078078078 0.068 0.07357357357357357
0 0.6395 0.6276276276276276 0.044 0.05405405405405406
0 0.3895 0.5848348348348348 0.051 0.05855855855855856
0 0.757 0.6231231231231231 0.051 0.04354354354354354
0 0.3565 0.5322822822822822 0.031 0.03753753753753754
0 0.686 0.6741741741741741 0.072 0.08108108108108109
0 0.829 0.6456456456456456 0.03 0.042042042042042045
0 0.2865 0.5585585585585585 0.047 0.07057057057057058
0 0.6835 0.6208708708708709 0.035 0.04054054054054054
0 0.0305 0.47597597597597596 0.028 0.028528528528528527
0 0.422 0.5540540540540541 0.03 0.04354354354354354
0 0.588 0.5795795795795796 0.043 0.04054054054054054
0 0.392 0.5382882882882883 0.024 0.03303303303303303
0 0.861 0.6606606606606606 0.05 0.06756756756756757
0 0.5465 0.5540540540540541 0.025 0.024024024024024024
0 0.645 0.5833333333333334 0.029 0.036036036036036036