3 0.6170454545454546 0.6416382252559727 0.029545454545454545 0.04436860068259386
0 0.15113636363636362 0.6996587030716723 0.03636363636363636 0.040955631399317405
0 0.7977272727272727 0.5307167235494881 0.02727272727272727 0.027303754266211604
0 0.26931818181818185 0.6569965870307167 0.04090909090909091 0.040955631399317405
0 0.8931818181818182 0.5068259385665529 0.03409090909090909 0.03754266211604096
0 0.7056818181818182 0.5972696245733788 0.022727272727272728 0.020477815699658702
3 0.8125 0.5955631399317406 0.03636363636363636 0.07508532423208192
0 0.6136363636363636 0.60580204778157 0.020454545454545454 0.017064846416382253
3 0.16136363636363638 0.7798634812286689 0.045454545454545456 0.11604095563139932
3 0.25 0.7474402730375427 0.045454545454545456 0.11604095563139932
3 0.9090909090909091 0.5887372013651877 0.03636363636363636 0.09897610921501707
3 0.7113636363636363 0.636518771331058 0.038636363636363635 0.03754266211604096