0 0.6890432098765432 0.2911522633744856 0.1404320987654321 0.12757201646090535
2 0.13734567901234568 0.8539094650205762 0.1558641975308642 0.1934156378600823
0 0.33564814814814814 0.5946502057613169 0.06018518518518518 0.06378600823045268
0 0.1720679012345679 0.6810699588477366 0.09567901234567901 0.09465020576131687
0 0.8688271604938271 0.5154320987654321 0.05246913580246913 0.059670781893004114
2 0.3317901234567901 0.7181069958847737 0.0787037037037037 0.15637860082304528
0 0.5393518518518519 0.5452674897119342 0.033950617283950615 0.03497942386831276
0 0.9020061728395061 0.4897119341563786 0.030864197530864196 0.030864197530864196
2 0.7152777777777778 0.6491769547325102 0.2222222222222222 0.38271604938271603
2 0.4791666666666667 0.8446502057613169 0.10493827160493827 0.12139917695473251
0 0.9405864197530864 0.4948559670781893 0.026234567901234566 0.03292181069958848
0 0.9629629629629629 0.46502057613168724 0.026234567901234566 0.030864197530864196