0 0.2753623188405797 0.27391304347826084 0.050724637681159424 0.05434782608695652
0 0.35144927536231885 0.16630434782608697 0.04782608695652174 0.05434782608695652
0 0.4398550724637681 0.5043478260869565 0.057971014492753624 0.07173913043478261
0 0.17681159420289855 0.22065217391304348 0.07971014492753623 0.10434782608695652
0 0.4891304347826087 0.20434782608695654 0.04927536231884058 0.06739130434782609
0 0.7166666666666667 0.275 0.036231884057971016 0.05217391304347826
0 0.7797101449275362 0.2554347826086957 0.03188405797101449 0.043478260869565216
2 0.7297101449275363 0.36086956521739133 0.06376811594202898 0.10869565217391304
2 0.7811594202898551 0.3173913043478261 0.04057971014492753 0.06956521739130435
2 0.518840579710145 0.36086956521739133 0.08695652173913043 0.1826086956521739
2 0.45072463768115945 0.6391304347826087 0.10434782608695652 0.15869565217391304
2 0.2891304347826087 0.4532608695652174 0.1 0.21521739130434783
2 0.3739130434782609 0.3130434782608696 0.08840579710144927 0.17608695652173914
2 0.17101449275362318 0.44782608695652176 0.14057971014492754 0.28043478260869564