0 0.5420289855072464 0.4198841698841699 0.03768115942028986 0.03088803088803089
3 0.6152173913043478 0.8484555984555985 0.18115942028985507 0.30115830115830117
0 0.7710144927536232 0.4420849420849421 0.0536231884057971 0.052123552123552123
0 0.4057971014492754 0.42374517374517373 0.057971014492753624 0.059845559845559844
0 0.7137681159420289 0.4034749034749035 0.08405797101449275 0.08494208494208494
0 0.29492753623188406 0.444015444015444 0.06956521739130435 0.059845559845559844
0 0.981159420289855 0.3938223938223938 0.034782608695652174 0.06756756756756757
0 0.5413043478260869 0.45077220077220076 0.0391304347826087 0.03474903474903475
0 0.47681159420289854 0.416023166023166 0.04492753623188406 0.0444015444015444
0 0.45072463768115945 0.4546332046332046 0.06956521739130435 0.07335907335907337
1 0.2246376811594203 0.444015444015444 0.042028985507246375 0.059845559845559844
1 0.36666666666666664 0.640926640926641 0.09420289855072464 0.13706563706563707
1 0.5768115942028985 0.611969111969112 0.1289855072463768 0.17374517374517376
1 0.40507246376811595 0.7615830115830116 0.12318840579710146 0.18725868725868725
3 0.27753623188405796 0.6592664092664092 0.05507246376811594 0.08108108108108109
3 0.21666666666666667 0.525096525096525 0.06666666666666667 0.0945945945945946
2 0.7405797101449275 0.5868725868725869 0.10579710144927536 0.20077220077220076
2 0.65 0.5415057915057915 0.057971014492753624 0.14092664092664092
2 0.47246376811594204 0.6071428571428571 0.06376811594202898 0.17567567567567569
0 0.6507246376811594 0.40444015444015446 0.04927536231884058 0.07528957528957529