1 0.453037037037037 0.37759722222222225 0.06322222222222222 0.11140277777777777
0 0.5658796296296296 0.4030138888888889 0.06350925925925927 0.07119444444444444
2 0.7451481481481481 0.6183611111111111 0.11530555555555555 0.2316666666666667
0 0.5615833333333333 0.9130277777777778 0.12744444444444444 0.17124999999999999
0 0.3063888888888889 0.4043611111111111 0.07229629629629629 0.06661111111111111
2 0.17962962962962964 0.5505972222222222 0.10640740740740741 0.2582222222222222
2 0.5831111111111111 0.6023055555555555 0.09755555555555555 0.23990277777777777
3 0.9116203703703704 0.5207638888888889 0.1212037037037037 0.30995833333333334
1 0.924537037037037 0.30972222222222223 0.08055555555555556 0.125
1 0.17824074074074073 0.35625 0.06759259259259259 0.11527777777777778
2 0.28935185185185186 0.5972222222222222 0.08055555555555556 0.24166666666666667
2 0.45 0.5791666666666667 0.08888888888888889 0.2722222222222222
0 0.7537037037037037 0.40555555555555556 0.06666666666666667 0.08611111111111111