0 0.69609375 0.7166666666666667 0.0328125 0.041666666666666664
0 0.9171875 0.6927083333333334 0.0359375 0.035416666666666666
0 0.05703125 0.6635416666666667 0.040625 0.04375
0 0.96953125 0.6989583333333333 0.0390625 0.041666666666666664
0 0.7828125 0.73125 0.0515625 0.05416666666666667
0 0.303125 0.709375 0.0390625 0.04791666666666667
0 0.728125 0.7322916666666667 0.0421875 0.05416666666666667
0 0.671875 0.6833333333333333 0.0359375 0.03958333333333333
3 0.190625 0.9 0.09375 0.16875
0 0.19609375 0.7604166666666666 0.0671875 0.07291666666666667
0 0.25859375 0.7520833333333333 0.046875 0.06458333333333334
0 0.01171875 0.6375 0.0234375 0.0375
0 0.609375 0.7729166666666667 0.0515625 0.05416666666666667
0 0.85234375 0.7645833333333333 0.0671875 0.075
0 0.5625 0.6677083333333333 0.025 0.03125
3 0.61484375 0.9625 0.1234375 0.075
3 0.4296875 0.878125 0.08125 0.12083333333333333
0 0.1 0.8291666666666667 0.0828125 0.10416666666666667
3 0.91640625 0.9552083333333333 0.1453125 0.08958333333333333
3 0.8375 0.8760416666666667 0.0875 0.11041666666666666
3 0.7734375 0.8354166666666667 0.0859375 0.11666666666666667
3 0.084375 0.9375 0.1546875 0.09375
0 0.11015625 0.653125 0.0375 0.0375
0 0.3265625 0.9572916666666667 0.103125 0.075
0 0.3609375 0.8375 0.071875 0.125
0 0.421875 0.7614583333333333 0.053125 0.075
0 0.621875 0.8333333333333334 0.0828125 0.08958333333333333
3 0.109375 0.7239583333333334 0.0578125 0.10208333333333333
3 0.04609375 0.7447916666666666 0.065625 0.10833333333333334