0 0.7015625 0.7072916666666667 0.0328125 0.03958333333333333
0 0.921875 0.6729166666666667 0.0359375 0.03333333333333333
0 0.06171875 0.684375 0.040625 0.04375
0 0.97421875 0.6770833333333334 0.0390625 0.03958333333333333
0 0.7890625 0.7177083333333333 0.05 0.052083333333333336
0 0.30859375 0.71875 0.0375 0.04791666666666667
0 0.73359375 0.7208333333333333 0.040625 0.052083333333333336
0 0.6765625 0.675 0.034375 0.0375
3 0.20078125 0.9135416666666667 0.0890625 0.16458333333333333
0 0.203125 0.7739583333333333 0.065625 0.06875
0 0.265625 0.7635416666666667 0.0453125 0.0625
0 0.01328125 0.6614583333333334 0.0265625 0.035416666666666666
0 0.61640625 0.7677083333333333 0.05 0.052083333333333336
0 0.859375 0.7479166666666667 0.065625 0.07291666666666667
0 0.56640625 0.6645833333333333 0.025 0.03125
3 0.6265625 0.9614583333333333 0.121875 0.07708333333333334
3 0.43984375 0.88125 0.078125 0.11875
0 0.109375 0.8479166666666667 0.0796875 0.1
3 0.92890625 0.946875 0.1421875 0.10625
3 0.846875 0.8604166666666667 0.0859375 0.10625
3 0.78203125 0.8229166666666666 0.0828125 0.1125
3 0.09609375 0.9572916666666667 0.1515625 0.08541666666666667
0 0.1140625 0.6708333333333333 0.0359375 0.035416666666666666
0 0.33828125 0.965625 0.1015625 0.06875
0 0.36953125 0.84375 0.06875 0.12083333333333333
0 0.42890625 0.765625 0.0515625 0.07291666666666667
0 0.63046875 0.828125 0.08125 0.08541666666666667
3 0.11484375 0.7427083333333333 0.0546875 0.09791666666666667
3 0.05234375 0.765625 0.0640625 0.10625