2 0.42790625000000004 0.26006880733944954 0.07384375 0.14694954128440366
0 0.608578125 0.15488532110091743 0.041921875 0.0460091743119266
0 0.47753125 0.3708715596330275 0.06790625 0.07958715596330276
2 0.7344375000000001 0.8527981651376146 0.22934375 0.2542660550458716
1 0.046078125 0.3745871559633027 0.059875 0.07997706422018348
0 0.218265625 0.16708715596330273 0.048812499999999995 0.0438302752293578
0 0.70790625 0.09240825688073394 0.040484375 0.04305045871559633
0 0.493328125 0.07674311926605505 0.05015625 0.05378440366972477
3 0.22176562500000002 0.28307339449541286 0.06925 0.12623853211009173
0 0.6271875 0.3943348623853211 0.04975 0.04153669724770642
3 0.497078125 0.20857798165137614 0.052734375 0.12756880733944953
3 0.354984375 0.8440366972477065 0.12989062499999998 0.3119266055045872
3 0.672859375 0.5339678899082568 0.076171875 0.14479357798165138
3 0.474125 0.5418577981651376 0.06348437500000001 0.13761467889908258
0 0.53028125 0.4314908256880734 0.06640625 0.08887614678899082
0 0.650875 0.6622706422018348 0.09668750000000001 0.12327981651376146
0 0.66553125 0.09605504587155964 0.049812499999999996 0.051605504587155966
0 0.2421875 0.3942201834862385 0.103515625 0.11754587155963303
0 0.412109375 0.6135321100917431 0.107421875 0.12327981651376146
2 0.2163125 0.7081422018348624 0.13379687499999998 0.4099770642201835
2 0.06592187499999999 0.6422018348623854 0.106453125 0.40711009174311924