0 0.4681159420289855 0.41216216216216217 0.04057971014492753 0.03667953667953668
3 0.34492753623188405 0.8194980694980695 0.21304347826086956 0.33204633204633205
0 0.2391304347826087 0.3861003861003861 0.059420289855072465 0.06177606177606178
0 0.6021739130434782 0.444015444015444 0.06376811594202898 0.07142857142857142
0 0.3 0.36003861003861004 0.09130434782608696 0.10038610038610038
0 0.7086956521739131 0.4874517374517375 0.07391304347826087 0.07142857142857142
0 0.03695652173913044 0.29343629343629346 0.04057971014492753 0.07335907335907337
0 0.4652173913043478 0.44305019305019305 0.042028985507246375 0.04247104247104247
0 0.532608695652174 0.4218146718146718 0.04782608695652174 0.05405405405405406
0 0.553623188405797 0.46525096525096526 0.07536231884057971 0.08494208494208494
1 0.7782608695652173 0.502895752895753 0.04782608695652174 0.06756756756756757
1 0.6144927536231884 0.666988416988417 0.10869565217391304 0.15444015444015444
1 0.4108695652173913 0.5936293436293436 0.1463768115942029 0.1969111969111969
1 0.5630434782608695 0.777992277992278 0.14202898550724638 0.2084942084942085
3 0.7007246376811594 0.7036679536679536 0.06376811594202898 0.09073359073359073
3 0.7768115942028986 0.583976833976834 0.07681159420289856 0.10617760617760617
2 0.25217391304347825 0.5357142857142857 0.12753623188405797 0.21814671814671815
2 0.3463768115942029 0.5096525096525096 0.07246376811594203 0.14864864864864866
2 0.5144927536231884 0.611969111969112 0.08260869565217391 0.1833976833976834
0 0.36231884057971014 0.3745173745173745 0.05652173913043478 0.08301158301158301