3 0.606909090909091 0.6588054607508532 0.027204545454545457 0.04037542662116041
0 0.13943181818181818 0.6435836177474402 0.034522727272727274 0.03587030716723549
0 0.7941136363636364 0.5767918088737202 0.025704545454545456 0.024505119453924914
0 0.2599090909090909 0.6203071672354948 0.03788636363636364 0.035051194539249146
0 0.8909545454545454 0.5684300341296928 0.03270454545454546 0.03119453924914676
0 0.6975227272727273 0.6284982935153584 0.021545454545454545 0.017849829351535836
3 0.8044545454545454 0.644334470989761 0.031863636363636365 0.06883959044368601
0 0.6054318181818181 0.6226621160409557 0.019977272727272725 0.014675767918088736
3 0.14347727272727273 0.7259726962457338 0.036931818181818184 0.10948805460750853
3 0.23438636363636361 0.7067576791808874 0.036931818181818184 0.11092150170648464
3 0.9000909090909092 0.6527303754266212 0.029363636363636363 0.09385665529010238
3 0.70075 0.6690784982935153 0.035977272727272726 0.0326962457337884