0 0.6971913580246913 0.30462962962962964 0.13646604938271606 0.1188477366255144
2 0.12424382716049384 0.8282716049382717 0.14915123456790125 0.18290123456790122
0 0.3318055555555555 0.5834156378600823 0.05759259259259259 0.05989711934156378
0 0.16540123456790123 0.6575514403292181 0.09240740740740741 0.08930041152263374
0 0.8677777777777779 0.540761316872428 0.05010802469135802 0.05660493827160494
2 0.32328703703703704 0.70559670781893 0.07322530864197531 0.15135802469135803
0 0.537716049382716 0.5481275720164609 0.032947530864197536 0.03176954732510288
0 0.9018518518518518 0.5175308641975309 0.02970679012345679 0.028888888888888888
2 0.7093672839506173 0.6639300411522634 0.2088425925925926 0.36763374485596706
2 0.4660493827160494 0.8422427983539095 0.1008179012345679 0.11522633744855967
0 0.9398148148148148 0.5260699588477366 0.025725308641975312 0.03154320987654321
0 0.9639969135802469 0.4972633744855967 0.024691358024691357 0.02880658436213992