0 0.6579710144927536 0.4284332688588008 0.03333333333333333 0.030947775628626693
2 0.5521739130434783 0.5957446808510638 0.15507246376811595 0.27852998065764023
0 0.6224637681159421 0.44390715667311414 0.028985507246376812 0.029013539651837523
0 0.9608695652173913 0.4796905222437137 0.043478260869565216 0.04448742746615087
0 0.29492753623188406 0.38007736943907156 0.028985507246376812 0.025145067698259187
0 0.558695652173913 0.3742746615087041 0.07246376811594203 0.061895551257253385
0 0.08550724637681159 0.3365570599613153 0.030434782608695653 0.029013539651837523
0 0.7326086956521739 0.4458413926499033 0.03188405797101449 0.027079303675048357
2 0.42971014492753623 0.4816247582205029 0.059420289855072465 0.10058027079303675
0 0.15144927536231884 0.344294003868472 0.02753623188405797 0.027079303675048357
0 0.3884057971014493 0.402321083172147 0.03333333333333333 0.029013539651837523
3 0.2847826086956522 0.4381044487427466 0.04782608695652174 0.0735009671179884
0 0.7108695652173913 0.4497098646034816 0.021739130434782608 0.019342359767891684
2 0.018115942028985508 0.41779497098646035 0.036231884057971016 0.10444874274661509
0 0.4427536231884058 0.40425531914893614 0.030434782608695653 0.03288201160541586
0 0.8731884057971014 0.44294003868471954 0.0391304347826087 0.04642166344294004
2 0.7239130434782609 0.5309477756286267 0.0463768115942029 0.10444874274661509
2 0.8565217391304348 0.5541586073500967 0.07101449275362319 0.13926499032882012
2 0.9507246376811594 0.5870406189555126 0.05507246376811594 0.13152804642166344
2 0.6507246376811594 0.504835589941973 0.05507246376811594 0.09671179883945841
3 0.7021739130434783 0.5009671179883946 0.0391304347826087 0.06963249516441006