2 0.8418000000000001 0.7162288930581614 0.1759375 0.42560975609756097
2 0.6842874999999999 0.5314258911819888 0.10815 0.23354596622889306
2 0.40208750000000004 0.6195121951219512 0.15994999999999998 0.3547842401500938
2 0.513375 0.5899249530956848 0.101325 0.279343339587242
2 0.159175 0.5498123827392121 0.166525 0.3614821763602251
0 0.3022625 0.3572983114446529 0.046174999999999994 0.043358348968105066
1 0.660625 0.36742964352720453 0.056375 0.09288930581613508
1 0.1615375 0.29947467166979364 0.0884625 0.12844277673545965
1 0.3923125 0.3860600375234522 0.075 0.14287054409005628
1 0.5052875 0.39833020637898686 0.068275 0.10968105065666041
1 0.8269249999999999 0.39904315196998125 0.155775 0.22658536585365852
0 0.3302875 0.5549155722326453 0.09711249999999999 0.1371106941838649
0 0.066825 0.3680112570356473 0.064425 0.06637898686679175