0 0.5438985507246377 0.421969111969112 0.037057971014492756 0.02833976833976834
3 0.6063333333333334 0.8532432432432433 0.17372463768115942 0.2935135135135135
0 0.7726376811594203 0.4546911196911197 0.05285507246376812 0.04907335907335908
0 0.4079420289855073 0.4194980694980695 0.05581159420289855 0.057799227799227804
0 0.7164782608695652 0.41324324324324324 0.08126086956521739 0.08187258687258686
0 0.2967391304347826 0.4348069498069498 0.06752173913043479 0.056042471042471044
0 0.9837101449275362 0.41667953667953667 0.03259420289855072 0.06581081081081082
0 0.542463768115942 0.4525675675675676 0.03836231884057971 0.03366795366795367
0 0.47936231884057967 0.415 0.043101449275362316 0.043108108108108105
0 0.45215942028985506 0.45222007722007723 0.06710144927536231 0.06942084942084942
1 0.22618840579710145 0.43160231660231657 0.0403768115942029 0.05791505791505792
1 0.36334782608695654 0.635 0.09110144927536232 0.13376447876447878
1 0.5740144927536232 0.615 0.1252608695652174 0.16822393822393822
1 0.39855072463768115 0.757027027027027 0.1180144927536232 0.18202702702702703
3 0.2738115942028986 0.6487837837837838 0.05279710144927536 0.0785907335907336
3 0.2163623188405797 0.5122779922779923 0.06418840579710144 0.09239382239382239
2 0.7381014492753624 0.5984555984555985 0.10144927536231885 0.19581081081081084
2 0.649072463768116 0.5488223938223938 0.05382608695652174 0.1378957528957529
2 0.46946376811594204 0.6060424710424711 0.059000000000000004 0.1723745173745174
0 0.6532028985507246 0.4116023166023166 0.0476231884057971 0.07308880308880308