0 0.70134375 0.7077916666666667 0.032375 0.04
0 0.9221406249999999 0.6732916666666667 0.035484375 0.03333333333333333
0 0.061828125 0.6842916666666666 0.04 0.042791666666666665
0 0.974421875 0.6771458333333332 0.038484375 0.039125
0 0.7890312500000001 0.7175833333333334 0.050062499999999996 0.051104166666666666
0 0.308921875 0.7188333333333333 0.038046875 0.0471875
0 0.73371875 0.7212916666666668 0.041234375000000004 0.052333333333333336
0 0.676921875 0.6754374999999999 0.0348125 0.0373125
3 0.20115625 0.9136458333333334 0.089171875 0.16527083333333334
0 0.20325000000000001 0.7744583333333334 0.065546875 0.068875
0 0.26525 0.7634166666666666 0.044703124999999996 0.061812500000000006
0 0.013328125 0.6615208333333332 0.026671875 0.036041666666666666
0 0.61640625 0.7676875 0.050765625 0.0513125
0 0.859171875 0.7478541666666667 0.06493750000000001 0.07225
0 0.566609375 0.6642916666666667 0.024546875000000003 0.03114583333333333
3 0.626765625 0.9615833333333333 0.121171875 0.07681249999999999
3 0.43971875000000005 0.8812083333333334 0.077578125 0.11814583333333334
0 0.10904687500000002 0.8475 0.07964062499999999 0.1009375
3 0.9286406250000001 0.9465208333333333 0.142703125 0.10693749999999999
3 0.846875 0.8604166666666667 0.08542187500000001 0.10693749999999999
3 0.782296875 0.8229166666666666 0.083328125 0.1125
3 0.095828125 0.9569375 0.152078125 0.08610416666666666
0 0.1140625 0.6708333333333333 0.036453124999999996 0.036104166666666666
0 0.33854687499999997 0.9652708333333333 0.10207812499999999 0.0694375
0 0.36979687499999997 0.84375 0.06875 0.12083333333333333
0 0.428640625 0.7652708333333333 0.051046875000000005 0.07222916666666666
0 0.630203125 0.8277708333333333 0.08125 0.08610416666666666
3 0.115109375 0.7423541666666666 0.055203125 0.09860416666666666
3 0.052609375 0.7652708333333333 0.063546875 0.1055625