0 0.25827999999999995 0.6648498498498498 0.12456 0.11015015015015014
0 0.02289 0.5786186186186186 0.04578 0.05487987987987988
0 0.06638 0.4813513513513513 0.0469 0.040690690690690694
0 0.11893000000000001 0.5493093093093093 0.03496 0.034759759759759756
0 0.17125 0.5536336336336337 0.0391 0.041966966966966966
0 0.1968 0.6059009009009009 0.06419 0.06442942942942942
0 0.64759 0.6051801801801802 0.04094 0.0472972972972973
0 0.39619 0.601876876876877 0.04789 0.05186186186186186
0 0.76422 0.5817567567567568 0.04863 0.03557057057057057
0 0.35937 0.5547897897897898 0.02846 0.03286786786786787
0 0.6972999999999999 0.6442342342342342 0.06706999999999999 0.07117117117117117
0 0.83725 0.5935285285285286 0.027440000000000003 0.037492492492492493
0 0.29156 0.5918018018018018 0.04269 0.06400900900900901
0 0.69078 0.5911411411411411 0.032850000000000004 0.03487987987987988
0 0.03136 0.5501351351351351 0.02637 0.024834834834834833
0 0.42617 0.5657357357357357 0.02761 0.03918918918918919
0 0.59305 0.5653003003003003 0.041100000000000005 0.03471471471471472
0 0.39516 0.5553153153153153 0.02225 0.02963963963963964
0 0.8704500000000001 0.6033333333333333 0.04636 0.06006006006006006
0 0.55 0.5466816816816816 0.02364 0.02048048048048048
0 0.65 0.5603303303303303 0.02727 0.031396396396396395