0 0.6782407407407407 0.2736625514403292 0.14660493827160495 0.13991769547325103
2 0.1574074074074074 0.8868312757201646 0.16512345679012347 0.205761316872428
0 0.3410493827160494 0.6100823045267489 0.06327160493827161 0.06790123456790123
0 0.18209876543209877 0.7109053497942387 0.10030864197530864 0.102880658436214
0 0.8688271604938271 0.48045267489711935 0.05555555555555555 0.06378600823045268
2 0.3433641975308642 0.7325102880658436 0.08641975308641975 0.16255144032921812
0 0.5416666666666666 0.5411522633744856 0.035493827160493825 0.037037037037037035
0 0.9004629629629629 0.45164609053497945 0.032407407407407406 0.03292181069958848
2 0.7229938271604939 0.6286008230452675 0.24074074074074073 0.3991769547325103
2 0.4976851851851852 0.845679012345679 0.1111111111111111 0.13168724279835392
0 0.9390432098765432 0.4547325102880658 0.027777777777777776 0.03497942386831276
0 0.9606481481481481 0.4218106995884774 0.027777777777777776 0.03292181069958848