0 0.31846376811594207 0.19919565217391302 0.04628985507246377 0.0395
0 0.4096231884057971 0.12263043478260868 0.043144927536231885 0.04041304347826087
0 0.44072463768115944 0.48215217391304344 0.05079710144927536 0.05480434782608696
0 0.23140579710144926 0.11195652173913044 0.06802898550724637 0.082
0 0.5371449275362319 0.20923913043478262 0.041666666666666664 0.05434782608695652
0 0.7463768115942029 0.3607391304347826 0.030797101449275364 0.042108695652173914
0 0.810695652173913 0.3641304347826087 0.02717391304347826 0.035326086956521736
2 0.7450144927536231 0.4483695652173913 0.04982608695652174 0.09239130434782608
2 0.802536231884058 0.4245869565217391 0.03260869565217391 0.05843478260869565
2 0.540768115942029 0.3716086956521739 0.06159420289855073 0.16441304347826086
2 0.42979710144927535 0.6168478260869565 0.08605797101449275 0.13043478260869565
2 0.302536231884058 0.3783913043478261 0.07065217391304347 0.19430434782608694
2 0.4076086956521739 0.2724130434782609 0.06521739130434782 0.15623913043478263
2 0.18931884057971013 0.33017391304347826 0.10326086956521739 0.25