3 0.26157407407407407 0.45148026315789475 0.16018518518518518 0.3371710526315789
2 0.4148148148148148 0.296875 0.13425925925925927 0.26644736842105265
2 0.8953703703703704 0.11924342105263158 0.1574074074074074 0.23848684210526316
1 0.6671296296296296 0.038651315789473686 0.0824074074074074 0.07730263157894737
0 0.07592592592592592 0.16940789473684212 0.11481481481481481 0.12006578947368421
3 0.0875 0.4300986842105263 0.14444444444444443 0.36348684210526316
3 0.6851851851851852 0.30838815789473684 0.1361111111111111 0.3256578947368421
1 0.7384259259259259 0.023848684210526317 0.06759259259259259 0.047697368421052634
1 0.40555555555555556 0.11513157894736842 0.07592592592592592 0.14638157894736842
1 0.6328703703703704 0.11019736842105263 0.11203703703703703 0.19407894736842105
1 0.2712962962962963 0.22121710526315788 0.12222222222222222 0.19736842105263158