3 0.375 0.6245733788395904 0.031818181818181815 0.04778156996587031
0 0.8352272727272727 0.7440273037542662 0.038636363636363635 0.04436860068259386
0 0.20113636363636364 0.49146757679180886 0.02727272727272727 0.030716723549488054
0 0.7204545454545455 0.6877133105802048 0.04090909090909091 0.04436860068259386
0 0.10795454545454546 0.45563139931740615 0.03636363636363636 0.040955631399317405
0 0.2897727272727273 0.5699658703071673 0.022727272727272728 0.023890784982935155
3 0.18295454545454545 0.5546075085324232 0.04090909090909091 0.07508532423208192
0 0.3806818181818182 0.590443686006826 0.020454545454545454 0.020477815699658702
3 0.821590909090909 0.8242320819112628 0.05 0.11945392491467577
3 0.7340909090909091 0.7798634812286689 0.05 0.11945392491467577
3 0.0875 0.5358361774744027 0.04090909090909091 0.09897610921501707
3 0.2818181818181818 0.6092150170648464 0.038636363636363635 0.040955631399317405