2 0.4484375 0.24885321100917432 0.0859375 0.15825688073394495
0 0.63671875 0.17660550458715596 0.0453125 0.052752293577981654
0 0.48828125 0.36811926605504586 0.0734375 0.09174311926605505
2 0.70234375 0.8727064220183486 0.2484375 0.2545871559633027
1 0.06015625 0.2947247706422018 0.065625 0.08944954128440367
0 0.24765625 0.11926605504587157 0.0515625 0.052752293577981654
0 0.73984375 0.13302752293577982 0.04375 0.05045871559633028
0 0.52890625 0.07912844036697247 0.0546875 0.06192660550458716
3 0.2421875 0.23509174311926606 0.0796875 0.13761467889908258
0 0.63515625 0.41743119266055045 0.053125 0.05045871559633028
3 0.52109375 0.2098623853211009 0.0625 0.1353211009174312
3 0.32734375 0.8153669724770642 0.1546875 0.33256880733944955
3 0.66875 0.5642201834862385 0.0875 0.15825688073394495
3 0.47109375 0.536697247706422 0.075 0.14908256880733944
0 0.5359375 0.4369266055045872 0.0734375 0.10091743119266056
0 0.6359375 0.6880733944954128 0.10625 0.13990825688073394
0 0.69765625 0.12844036697247707 0.053125 0.05963302752293578
0 0.253125 0.3486238532110092 0.1125 0.1353211009174312
0 0.403125 0.5974770642201835 0.1171875 0.14220183486238533
2 0.20078125 0.6559633027522935 0.1671875 0.43119266055045874
2 0.06328125 0.5619266055045872 0.1265625 0.42201834862385323