1 0.4601851851851852 0.37222222222222223 0.06944444444444445 0.11944444444444445
0 0.5712962962962963 0.41180555555555554 0.06759259259259259 0.07916666666666666
2 0.7375 0.65 0.1287037037037037 0.24583333333333332
0 0.5370370370370371 0.9125 0.13703703703703704 0.175
0 0.3125 0.37916666666666665 0.07592592592592592 0.0763888888888889
2 0.17777777777777778 0.5083333333333333 0.12129629629629629 0.2708333333333333
2 0.5768518518518518 0.6125 0.1111111111111111 0.2513888888888889
3 0.9087962962962963 0.5743055555555555 0.1388888888888889 0.325
1 0.9337962962962963 0.3659722222222222 0.08796296296296297 0.13472222222222222
1 0.18796296296296297 0.3145833333333333 0.07407407407407407 0.12361111111111112
2 0.2847222222222222 0.5694444444444444 0.09444444444444444 0.2513888888888889
2 0.44537037037037036 0.5722222222222222 0.10462962962962963 0.2833333333333333
0 0.7583333333333333 0.4388888888888889 0.0712962962962963 0.09444444444444444