2 0.25933333333333336 0.504 0.164 0.324
2 0.4 0.592 0.088 0.166
2 0.712 0.571 0.12933333333333333 0.234
2 0.5346666666666666 0.631 0.12133333333333333 0.234
2 0.074 0.556 0.11866666666666667 0.188
2 0.7893333333333333 0.588 0.09866666666666667 0.184
2 0.632 0.632 0.09866666666666667 0.218
2 0.8953333333333333 0.545 0.10266666666666667 0.224
0 0.7233333333333334 0.376 0.048 0.044
0 0.5493333333333333 0.47 0.050666666666666665 0.052
0 0.78 0.458 0.05733333333333333 0.06
0 0.5786666666666667 0.339 0.052 0.064
0 0.6226666666666667 0.476 0.05466666666666667 0.056
0 0.682 0.4 0.05733333333333333 0.058
0 0.28733333333333333 0.269 0.07733333333333334 0.08
0 0.38866666666666666 0.463 0.05333333333333334 0.052
0 0.88 0.386 0.076 0.076
1 0.38666666666666666 0.433 0.029333333333333333 0.032
0 0.05733333333333333 0.437 0.07733333333333334 0.072
0 0.5013333333333333 0.462 0.04 0.054