0 0.35004347826086957 0.40332688588007737 0.03056521739130435 0.025493230174081238
2 0.4397971014492753 0.5863249516441006 0.1331304347826087 0.2582398452611218
0 0.3834492753623188 0.424294003868472 0.02743478260869565 0.02491295938104449
0 0.04439130434782609 0.4046808510638298 0.04085507246376812 0.037427466150870406
0 0.7141159420289855 0.4145841392649903 0.02710144927536232 0.0211605415860735
0 0.45317391304347826 0.3652998065764024 0.06882608695652175 0.05030947775628627
0 0.9259420289855073 0.40555125725338487 0.028768115942028986 0.023791102514506772
0 0.2741014492753623 0.4088974854932302 0.029782608695652173 0.023365570599613153
2 0.5713333333333334 0.49290135396518375 0.05131884057971014 0.09317214700193424
0 0.8598985507246377 0.4020696324951644 0.02498550724637681 0.02330754352030948
0 0.62 0.42083172147001935 0.031014492753623186 0.024661508704061894
3 0.7195797101449275 0.47334622823984523 0.04230434782608696 0.06690522243713734
0 0.2950434782608696 0.4159767891682785 0.02018840579710145 0.01702127659574468
2 0.9855797101449275 0.4973887814313346 0.02882608695652174 0.10063829787234042
0 0.5657391304347826 0.41448742746615086 0.027956521739130432 0.027640232108317214
0 0.13457971014492753 0.3827079303675049 0.035202898550724636 0.041450676982591875
2 0.2748405797101449 0.49392649903288205 0.03830434782608696 0.09808510638297872
2 0.14130434782608695 0.4952998065764023 0.059000000000000004 0.13125725338491295
2 0.04502898550724638 0.5132688588007738 0.044507246376811596 0.12572533849129594
2 0.3498985507246377 0.48009671179883945 0.0476231884057971 0.08980657640232108
3 0.2991739130434783 0.467678916827853 0.03313043478260869 0.06493230174081238