2 0.85875 0.6425891181988743 0.21375 0.45778611632270166
2 0.685625 0.4924953095684803 0.12875 0.25328330206378985
2 0.414375 0.6388367729831145 0.19125 0.38461538461538464
2 0.521875 0.5863039399624765 0.12625 0.29831144465290804
2 0.166875 0.6200750469043153 0.19875 0.3921200750469043
0 0.29125 0.399624765478424 0.05 0.0525328330206379
1 0.646875 0.3348968105065666 0.065 0.10318949343339587
1 0.14625 0.3724202626641651 0.1 0.14634146341463414
1 0.3825 0.4099437148217636 0.0875 0.1575984990619137
1 0.495625 0.3977485928705441 0.0775 0.12195121951219512
1 0.814375 0.3320825515947467 0.175 0.2570356472795497
0 0.336875 0.5900562851782364 0.10875 0.15572232645403378
0 0.05875 0.4596622889305816 0.07 0.07879924953095685