2 0.73992 0.4663 0.14362666666666665 0.30354000000000003
2 0.60592 0.5757599999999999 0.07787999999999999 0.15456
2 0.2942 0.60424 0.11412 0.21822
2 0.47474666666666665 0.63532 0.10676 0.21818
2 0.9276266666666667 0.48898 0.10744 0.17284
2 0.21809333333333333 0.6325 0.08688 0.17138
2 0.3782 0.6519199999999999 0.08460000000000001 0.20488
2 0.11006666666666666 0.6066 0.089 0.21214
0 0.26912 0.41132 0.04596 0.03726
0 0.44872 0.47798 0.047746666666666666 0.0456
0 0.21834666666666666 0.50218 0.053413333333333333 0.051179999999999996
0 0.41057333333333335 0.35212 0.047959999999999996 0.056960000000000004
0 0.3761466666666667 0.49532 0.05125333333333333 0.0487
0 0.31212 0.42912 0.05368 0.049479999999999996
0 0.6955333333333333 0.23648 0.07282666666666666 0.0688
0 0.6079333333333333 0.44527999999999995 0.050600000000000006 0.04418
0 0.11437333333333334 0.44645999999999997 0.07229333333333333 0.06598000000000001
1 0.60776 0.4159 0.027706666666666668 0.0275
0 0.93572 0.36786 0.07333333333333333 0.06142
0 0.49618666666666666 0.46286 0.036186666666666666 0.04858