2 0.40859375 0.27522935779816515 0.0859375 0.15825688073394495
0 0.57890625 0.13761467889908258 0.0453125 0.052752293577981654
0 0.4671875 0.3761467889908257 0.0734375 0.09174311926605505
2 0.76171875 0.8084862385321101 0.2484375 0.29357798165137616
1 0.0390625 0.45642201834862384 0.065625 0.08944954128440367
0 0.19296875 0.22018348623853212 0.0515625 0.052752293577981654
0 0.67265625 0.058486238532110095 0.04375 0.05045871559633028
0 0.45859375 0.08142201834862385 0.0546875 0.06192660550458716
3 0.20546875 0.3348623853211009 0.0796875 0.13761467889908258
0 0.6171875 0.37270642201834864 0.053125 0.05045871559633028
3 0.47265625 0.21100917431192662 0.0625 0.1353211009174312
3 0.38359375 0.8497706422018348 0.1546875 0.30045871559633025
3 0.67421875 0.5022935779816514 0.0875 0.15825688073394495
3 0.478125 0.5458715596330275 0.075 0.14908256880733944
0 0.52421875 0.42660550458715596 0.0734375 0.10091743119266056
0 0.66328125 0.6341743119266054 0.10625 0.13990825688073394
0 0.63046875 0.06995412844036697 0.053125 0.05963302752293578
0 0.23515625 0.4415137614678899 0.1125 0.1353211009174312
0 0.421875 0.6284403669724771 0.1171875 0.14220183486238533
2 0.2359375 0.7568807339449541 0.1671875 0.43119266055045874
2 0.08125 0.7190366972477065 0.1390625 0.42201834862385323