2 0.195 0.5240060015003751 0.332 0.30607651912978245
2 0.779 0.400225056264066 0.366 0.34508627156789196
2 0.369 0.4279819954988747 0.251 0.2535633908477119
0 0.178 0.19617404351087772 0.057 0.04426106526631658
0 0.1485 0.3113278319579895 0.158 0.1072768192048012
2 0.548 0.3244561140285071 0.228 0.17329332333083272
0 0.3015 0.18567141785446362 0.066 0.047261815453863466
0 0.5645 0.1837959489872468 0.141 0.10802700675168792
0 0.1375 0.21605401350337583 0.057 0.04351087771942986
0 0.172 0.23705926481620404 0.073 0.047261815453863466
0 0.497 0.15828957239309827 0.057 0.04276069017254314
0 0.0705 0.21867966991747936 0.054 0.03675918979744936
0 0.329 0.23780945236309078 0.146 0.10352588147036759
0 0.445 0.16804201050262565 0.071 0.051762940735183796
0 0.7945 0.0900225056264066 0.104 0.07426856714178545
0 0.5985 0.11852963240810202 0.077 0.05101275318829707
0 0.8505 0.10502625656414104 0.067 0.05926481620405101
1 0.7125 0.17029257314328583 0.228 0.2115528882220555
1 0.037 0.3158289572393098 0.074 0.10202550637659415
1 0.269 0.2989497374343586 0.101 0.08252063015753938