0 0.7455 0.6524024024024024 0.127 0.11711711711711711
0 0.9775 0.5525525525525525 0.045 0.057057057057057055
0 0.933 0.4587087087087087 0.048 0.04354354354354354
0 0.882 0.5292792792792793 0.036 0.036036036036036036
0 0.83 0.536036036036036 0.04 0.04354354354354354
0 0.8055 0.5900900900900901 0.066 0.06756756756756757
0 0.355 0.6126126126126126 0.042 0.04954954954954955
0 0.606 0.5960960960960962 0.049 0.05405405405405406
0 0.238 0.5953453453453453 0.049 0.03753753753753754
0 0.642 0.5472972972972973 0.029 0.03453453453453453
0 0.306 0.6546546546546547 0.069 0.07507507507507508
0 0.165 0.6111111111111112 0.028 0.03903903903903904
0 0.7105 0.581081081081081 0.044 0.06606606606606606
0 0.3115 0.6013513513513513 0.034 0.036036036036036036
0 0.9695 0.5255255255255256 0.027 0.025525525525525526
0 0.5755 0.5615615615615616 0.029 0.04054054054054054
0 0.4085 0.5698198198198198 0.042 0.03753753753753754
0 0.606 0.5495495495495496 0.023 0.03153153153153153
0 0.132 0.6223723723723724 0.048 0.06306306306306306
0 0.451 0.5495495495495496 0.024 0.021021021021021023
0 0.3515 0.5683183183183184 0.028 0.03303303303303303