3 0.2700925925925926 0.378733552631579 0.13270370370370368 0.3015625
2 0.4359166666666667 0.2739144736842105 0.11294444444444444 0.23597039473684212
2 0.9318796296296296 0.20014802631578946 0.13037962962962962 0.29800986842105265
1 0.71275 0.06514802631578948 0.0714074074074074 0.12442434210526317
0 0.11450925925925926 0.04363486842105263 0.10816666666666666 0.08726973684210526
3 0.10053703703703704 0.3043092105263158 0.11374074074074074 0.33335526315789477
3 0.7010000000000001 0.3687006578947368 0.1087962962962963 0.29605263157894735
1 0.7854907407407408 0.06236842105263158 0.057101851851851855 0.11924342105263158
1 0.44483333333333336 0.09182565789473685 0.0640462962962963 0.12883223684210526
1 0.6689814814814815 0.1569407894736842 0.09722222222222222 0.16583881578947368
1 0.3020833333333333 0.15488486842105265 0.10725 0.1672203947368421