0 0.9069444444444444 0.5048543689320388 0.032407407407407406 0.03744798890429958
1 0.475462962962963 0.665742024965326 0.03611111111111111 0.05547850208044383
0 0.325 0.6560332871012483 0.032407407407407406 0.036061026352288486
0 0.7245370370370371 0.5589459084604715 0.030555555555555555 0.033287101248266296
0 0.5046296296296297 0.6879334257975035 0.026851851851851852 0.036061026352288486
2 0.4875 0.7364771151178918 0.03796296296296296 0.10124826629680998
0 0.11666666666666667 0.6823855755894591 0.03333333333333333 0.04160887656033287
0 0.6226851851851852 0.6178918169209431 0.03333333333333333 0.03744798890429958
3 0.7425925925925926 0.6414701803051318 0.049074074074074076 0.11373092926490985
3 0.9171296296296296 0.5887656033287101 0.05740740740740741 0.10679611650485436
2 0.6324074074074074 0.7031900138696255 0.046296296296296294 0.10540915395284327
2 0.33935185185185185 0.7260748959778086 0.04259259259259259 0.08321775312066575
2 0.13564814814814816 0.7697642163661581 0.040740740740740744 0.09847434119278779