0 0.5707692307692308 0.38247011952191234 0.036923076923076927 0.037848605577689244
0 0.5223076923076924 0.3954183266932271 0.036923076923076927 0.03187250996015936
2 0.5792307692307692 0.4850597609561753 0.06461538461538462 0.11354581673306773
0 0.7076923076923077 0.34960159362549803 0.027692307692307693 0.03187250996015936
2 0.6815384615384615 0.4312749003984064 0.046153846153846156 0.08167330677290836
0 0.6061538461538462 0.33067729083665337 0.026153846153846153 0.0199203187250996
0 0.5146153846153846 0.2699203187250996 0.027692307692307693 0.02390438247011952
0 0.8976923076923077 0.3615537848605578 0.046153846153846156 0.0398406374501992
0 0.6538461538461539 0.31673306772908366 0.02923076923076923 0.027888446215139442
2 0.6192307692307693 0.4292828685258964 0.046153846153846156 0.08964143426294821
0 0.7523076923076923 0.3466135458167331 0.033846153846153845 0.03386454183266932
0 0.8061538461538461 0.38645418326693226 0.046153846153846156 0.049800796812749
0 0.9446153846153846 0.33167330677290835 0.036923076923076927 0.037848605577689244
3 0.8238461538461539 0.5069721115537849 0.07538461538461538 0.15139442231075698
3 0.7307692307692307 0.5149402390438247 0.07384615384615385 0.13745019920318724
0 0.7269230769230769 0.399402390438247 0.04153846153846154 0.049800796812749
3 0.9084615384615384 0.47908366533864544 0.06615384615384616 0.12749003984063745
3 0.9569230769230769 0.4203187250996016 0.046153846153846156 0.11155378486055777