2 0.45 0.5342205323193916 0.16625 0.3231939163498099
0 0.733125 0.1920152091254753 0.05125 0.0741444866920152
0 0.031875 0.45722433460076045 0.06375 0.0817490494296578
2 0.91375 0.4515209125475285 0.1725 0.344106463878327
2 0.625 0.4534220532319392 0.16625 0.16539923954372623
1 0.760625 0.10931558935361217 0.11125 0.20152091254752852
1 0.8525 0.2300380228136882 0.15625 0.2262357414448669
1 0.60125 0.3193916349809886 0.11 0.1844106463878327
1 0.413125 0.31368821292775667 0.09 0.17110266159695817
1 0.2375 0.3612167300380228 0.11375 0.21482889733840305
1 0.1675 0.35551330798479086 0.08625 0.15779467680608364
1 0.04125 0.40874524714828897 0.0825 0.14068441064638784