0 0.26152 0.24654545454545457 0.049100000000000005 0.06886363636363636
0 0.32545999999999997 0.25 0.04242 0.07577272727272728
0 0.39576 0.24104545454545456 0.037579999999999995 0.06059090909090909
0 0.45424000000000003 0.23827272727272727 0.04182 0.06336363636363636
0 0.54212 0.2245 0.03818 0.06336363636363636
0 0.61152 0.2445 0.04122 0.06472727272727273
0 0.66848 0.21004545454545456 0.04122 0.073
0 0.75666 0.17563636363636365 0.03454 0.06472727272727273
0 0.38636000000000004 0.49172727272727274 0.04304 0.06059090909090909
0 0.47242 0.46486363636363637 0.04424 0.07022727272727272
0 0.5375800000000001 0.4621363636363636 0.03516 0.07022727272727272
1 0.8360599999999999 0.20868181818181816 0.04182 0.09227272727272727
1 0.9224199999999999 0.19490909090909092 0.044840000000000005 0.1143181818181818
1 0.17516 0.292 0.04242 0.11845454545454545
1 0.07 0.281 0.04665999999999999 0.11568181818181818
1 0.17516 0.5571818181818182 0.046060000000000004 0.11709090909090909
2 0.07212 0.5158181818181818 0.08848 0.3154090909090909
2 0.16728 0.4352727272727273 0.08242000000000001 0.16254545454545455
2 0.17394 0.706590909090909 0.08848 0.2010909090909091
2 0.84334 0.385 0.06242 0.21627272727272726
2 0.92696 0.37395454545454543 0.09151999999999999 0.208
3 0.66272 0.40704545454545454 0.04304 0.208