2 0.9443250000000001 0.7342293233082707 0.102925 0.2462406015037594
0 0.5123 0.4999812030075188 0.0359875 0.034736842105263156
0 0.496925 0.5606766917293232 0.038450000000000005 0.05404135338345865
2 0.8629375 0.6693609022556392 0.05825 0.16236842105263158
0 0.7205875 0.5365037593984963 0.060825 0.03650375939849625
0 0.562025 0.5256015037593985 0.052887500000000004 0.06795112781954887
0 0.6601 0.535 0.0509625 0.05494360902255639
0 0.8548125 0.5342669172932332 0.044225 0.062180451127819544
0 0.824525 0.519078947368421 0.029812500000000002 0.04627819548872181
0 0.6259625 0.5480075187969925 0.028849999999999997 0.031804511278195495
0 0.4591375 0.5321052631578947 0.031724999999999996 0.04627819548872181
0 0.8927875000000001 0.5443984962406015 0.0375 0.053496240601503764
2 0.5653875 0.7048872180451128 0.09422499999999999 0.22122180451127818
2 0.49134999999999995 0.7056015037593985 0.055775 0.19086466165413535
2 0.65865 0.6672932330827067 0.061537499999999995 0.1518233082706767
2 0.7375 0.6203007518796992 0.0403875 0.09832706766917294