3 0.12611111111111112 0.7362962962962963 0.09111111111111111 0.16296296296296298
3 0.6594444444444445 0.6037037037037037 0.09777777777777778 0.16296296296296298
3 0.43722222222222223 0.6511111111111111 0.08666666666666667 0.16
3 0.35555555555555557 0.6592592592592592 0.10555555555555556 0.16296296296296298
3 0.5666666666666667 0.6340740740740741 0.07888888888888888 0.15703703703703703
0 0.5266666666666666 0.5459259259259259 0.04666666666666667 0.045925925925925926
0 0.1438888888888889 0.5844444444444444 0.04555555555555556 0.05185185185185185
0 0.3422222222222222 0.5466666666666666 0.04777777777777778 0.05925925925925926
0 0.11222222222222222 0.6140740740740741 0.05 0.054814814814814816
0 0.6355555555555555 0.48074074074074075 0.04555555555555556 0.05185185185185185
1 0.4255555555555556 0.5488888888888889 0.04666666666666667 0.06074074074074074
0 0.6044444444444445 0.6207407407407407 0.03 0.05037037037037037
1 0.5627777777777778 0.5274074074074074 0.044444444444444446 0.054814814814814816
0 0.3322222222222222 0.5177777777777778 0.04 0.05185185185185185
3 0.5227777777777778 0.6392592592592593 0.06222222222222222 0.1451851851851852
3 0.17444444444444446 0.6948148148148148 0.06555555555555556 0.15259259259259259