0 0.509090909090909 0.24863387978142076 0.06727272727272728 0.07377049180327869
0 0.09454545454545454 0.18989071038251365 0.06545454545454546 0.07377049180327869
0 0.39636363636363636 0.22131147540983606 0.06545454545454546 0.07650273224043716
0 0.25 0.24453551912568305 0.06 0.06830601092896176
0 0.7672727272727272 0.30191256830601093 0.056363636363636366 0.06830601092896176
0 0.889090909090909 0.38524590163934425 0.06545454545454546 0.07103825136612021
3 0.07545454545454545 0.3702185792349727 0.14363636363636365 0.2185792349726776
3 0.24 0.37158469945355194 0.11454545454545455 0.1366120218579235
3 0.3654545454545455 0.3756830601092896 0.14363636363636365 0.1885245901639344
3 0.88 0.5355191256830601 0.16545454545454547 0.1557377049180328
3 0.7636363636363637 0.4672131147540984 0.13636363636363635 0.20765027322404372