0 0.26 0.25681818181818183 0.05 0.07272727272727272
0 0.324 0.25681818181818183 0.042 0.07727272727272727
0 0.394 0.24545454545454545 0.038 0.06363636363636363
0 0.452 0.2409090909090909 0.042 0.06363636363636363
0 0.54 0.22272727272727272 0.038 0.06363636363636363
0 0.61 0.2409090909090909 0.042 0.06818181818181818
0 0.666 0.20227272727272727 0.042 0.07272727272727272
0 0.754 0.16590909090909092 0.036 0.06818181818181818
0 0.386 0.4954545454545455 0.044 0.06363636363636363
0 0.472 0.4659090909090909 0.044 0.07272727272727272
0 0.537 0.46136363636363636 0.036 0.07272727272727272
1 0.834 0.19545454545454546 0.042 0.09545454545454546
1 0.92 0.17727272727272728 0.046 0.11818181818181818
1 0.174 0.30454545454545456 0.044 0.11818181818181818
1 0.068 0.29772727272727273 0.048 0.11818181818181818
1 0.176 0.5704545454545454 0.046 0.11818181818181818
2 0.072 0.5318181818181819 0.09 0.3181818181818182
2 0.167 0.44772727272727275 0.084 0.16363636363636364
2 0.176 0.7204545454545455 0.09 0.20454545454545456
2 0.842 0.3704545454545455 0.064 0.21818181818181817
2 0.926 0.3568181818181818 0.094 0.21363636363636362
3 0.662 0.4 0.044 0.20909090909090908