0 0.59671875 0.17724770642201834 0.1830625 0.17988532110091746
0 0.408140625 0.28006880733944955 0.1306875 0.11020642201834861
3 0.64090625 0.7144266055045871 0.24493749999999997 0.5711238532110091
0 0.709078125 0.32463302752293577 0.0949375 0.11935779816513761
0 0.96446875 0.32665137614678896 0.06589062500000001 0.13802752293577983
0 0.326921875 0.4284174311926605 0.10159375 0.11681192660550459
0 0.23871875 0.40564220183486244 0.082359375 0.08401376146788991
3 0.29674999999999996 0.7121330275229358 0.1101875 0.368348623853211
3 0.9477499999999999 0.7597477064220184 0.1045 0.4701834862385321
3 0.430171875 0.6988302752293578 0.14159375000000002 0.4744954128440367
3 0.21778124999999998 0.6708715596330275 0.083984375 0.29243119266055045