0 0.43676811594202897 0.4736304347826087 0.03407246376811594 0.03252173913043478
2 0.28753623188405797 0.411695652173913 0.05482608695652174 0.11721739130434783
2 0.33671014492753626 0.4186304347826087 0.04673913043478261 0.12976086956521737
0 0.5887391304347827 0.4841304347826087 0.03363768115942029 0.03154347826086956
0 0.3860144927536232 0.48306521739130437 0.034999999999999996 0.03204347826086956
0 0.5400289855072464 0.47510869565217395 0.03249275362318841 0.026282608695652174
0 0.4547971014492754 0.3103478260869565 0.0286231884057971 0.02856521739130435
0 0.6226376811594203 0.3175 0.030449275362318843 0.02641304347826087
0 0.6686231884057972 0.29932608695652174 0.031159420289855074 0.02345652173913043
0 0.4931014492753623 0.48210869565217396 0.035014492753623186 0.03089130434782609
0 0.2648695652173913 0.2841521739130435 0.03239130434782609 0.025108695652173916
0 0.49289855072463773 0.32082608695652176 0.025217391304347823 0.025934782608695653
2 0.5464492753623189 0.5635434782608696 0.049811594202898546 0.0748913043478261
0 0.3950579710144927 0.2990652173913043 0.02444927536231884 0.021195652173913043
0 0.5323478260869565 0.31449999999999995 0.025057971014492753 0.023282608695652175
0 0.30594202898550726 0.2991521739130435 0.026362318840579713 0.024130434782608696
2 0.4570289855072464 0.3945 0.043942028985507246 0.09071739130434782
2 0.391 0.5590217391304347 0.04804347826086956 0.0922391304347826
0 0.6724927536231884 0.03673913043478261 0.028405797101449276 0.03391304347826087
2 0.49282608695652175 0.5723478260869564 0.05963768115942029 0.0896304347826087
0 0.4922608695652174 0.38858695652173914 0.0263768115942029 0.023891304347826086
0 0.5698695652173913 0.3225 0.02571014492753623 0.02158695652173913
0 0.6708115942028986 0.33217391304347826 0.029130434782608697 0.027108695652173914
2 0.39340579710144924 0.3954347826086957 0.03828985507246377 0.0827391304347826
2 0.43873913043478263 0.5689782608695653 0.05749275362318841 0.08069565217391304
2 0.5310724637681159 0.3988260869565218 0.04023188405797102 0.08728260869565217
0 0.3383188405797101 0.3165869565217391 0.02627536231884058 0.029891304347826088
0 0.3677536231884058 0.31454347826086954 0.02355072463768116 0.03126086956521739
0 0.33605797101449275 0.4905 0.036231884057971016 0.03260869565217391
2 0.596463768115942 0.5658913043478261 0.042579710144927535 0.07473913043478261
2 0.3392173913043478 0.5638695652173913 0.058884057971014495 0.06521739130434782
2 0.6399420289855072 0.4327391304347826 0.04439130434782609 0.08832608695652175
2 0.6752753623188406 0.4232391304347826 0.04076811594202898 0.09647826086956522
2 0.572463768115942 0.3987826086956522 0.036231884057971016 0.06930434782608695
2 0.6123188405797102 0.4171304347826087 0.021739130434782608 0.10869565217391304
2 0.4257246376811594 0.3899565217391304 0.025362318840579712 0.07608695652173914