0 0.459 0.5630630630630631 0.032 0.042042042042042045
0 0.483 0.6711711711711712 0.026 0.042042042042042045
3 0.424 0.6801801801801802 0.096 0.0990990990990991
1 0.522 0.5225225225225225 0.03 0.04804804804804805
1 0.448 0.43093093093093093 0.032 0.042042042042042045
1 0.346 0.5345345345345346 0.036 0.05105105105105105
1 0.477 0.7087087087087087 0.03 0.036036036036036036
2 0.345 0.6411411411411412 0.076 0.16216216216216217
2 0.435 0.48348348348348347 0.06 0.0960960960960961
2 0.502 0.5900900900900901 0.08 0.12012012012012012
2 0.47 0.7987987987987988 0.076 0.15315315315315314
3 0.621 0.22822822822822822 0.04 0.06906906906906907
0 0.627 0.16966966966966968 0.026 0.03003003003003003