2 0.708251953125 0.6741536458333334 0.1123046875 0.16731770833333334
0 0.72216796875 0.54296875 0.0517578125 0.051432291666666664
0 0.107177734375 0.4130859375 0.041015625 0.042317708333333336
0 0.609619140625 0.5208333333333334 0.05224609375 0.057291666666666664
0 0.288330078125 0.4300130208333333 0.04833984375 0.048177083333333336
0 0.491455078125 0.4814453125 0.03515625 0.035807291666666664
0 0.4296875 0.4830729166666667 0.048828125 0.052083333333333336
0 0.34814453125 0.4563802083333333 0.04833984375 0.049479166666666664
0 0.141845703125 0.4280598958333333 0.04150390625 0.046875
2 0.334228515625 0.5719401041666666 0.0849609375 0.16471354166666666
2 0.591064453125 0.6487630208333334 0.09619140625 0.16536458333333334
2 0.503173828125 0.6080729166666666 0.0908203125 0.154296875
2 0.40771484375 0.6005859375 0.09228515625 0.1640625
2 0.2626953125 0.5485026041666666 0.08447265625 0.14518229166666666
2 0.188720703125 0.5247395833333334 0.08203125 0.1484375
2 0.122314453125 0.5257161458333334 0.07568359375 0.126953125
2 0.07861328125 0.5094401041666666 0.07275390625 0.130859375
2 0.033447265625 0.4957682291666667 0.06689453125 0.14127604166666666
0 0.052001953125 0.4020182291666667 0.04541015625 0.044270833333333336
0 0.660400390625 0.5377604166666666 0.044921875 0.048828125
0 0.746337890625 0.5784505208333334 0.0419921875 0.043619791666666664
0 0.557861328125 0.5305989583333334 0.03759765625 0.051432291666666664
0 0.523193359375 0.4853515625 0.03955078125 0.044270833333333336
0 0.202880859375 0.423828125 0.0478515625 0.052734375