0 0.44545454545454544 0.26229508196721313 0.06909090909090909 0.07923497267759563
0 0.046363636363636364 0.43989071038251365 0.06727272727272728 0.07923497267759563
0 0.33454545454545453 0.3005464480874317 0.06727272727272728 0.08196721311475409
0 0.20454545454545456 0.4030054644808743 0.06181818181818182 0.07377049180327869
0 0.6981818181818182 0.16530054644808742 0.05818181818181818 0.07377049180327869
0 0.8327272727272728 0.17486338797814208 0.06727272727272728 0.07650273224043716
3 0.07454545454545454 0.6174863387978142 0.14909090909090908 0.22950819672131148
3 0.22727272727272727 0.5273224043715847 0.11818181818181818 0.14754098360655737
3 0.34454545454545454 0.4603825136612022 0.14909090909090908 0.1994535519125683
3 0.860909090909091 0.319672131147541 0.1690909090909091 0.1721311475409836
3 0.7363636363636363 0.32103825136612024 0.14363636363636365 0.2185792349726776