2 0.35987 0.5158007117437723 0.10548 0.10994661921708185
2 0.24911000000000003 0.5247330960854092 0.08566 0.13736654804270462
0 0.33092 0.3671174377224199 0.06091 0.08069395017793594
1 0.13172999999999999 0.4088256227758007 0.048490000000000005 0.09686832740213523
0 0.53723 0.3751423487544484 0.05717 0.07927046263345196
2 0.85538 0.5996085409252669 0.13519 0.27467971530249113
1 0.22269 0.41473309608540926 0.054619999999999995 0.11224199288256227
1 0.47692 0.4229359430604982 0.04462 0.09307829181494662
1 0.7173099999999999 0.26553380782918146 0.06538 0.1642526690391459
1 0.69 0.41199288256227756 0.07385 0.13412811387900356
1 0.63962 0.4065124555160142 0.04385 0.1259252669039146
1 0.82808 0.39830960854092523 0.09 0.17245551601423487
3 0.55192 0.5194306049822064 0.09154000000000001 0.11633451957295372
3 0.47269 0.5132740213523131 0.06846 0.09854092526690392
2 0.72 0.547491103202847 0.09384999999999999 0.1396085409252669