0 0.0987037037037037 0.5999861303744799 0.029222222222222222 0.030943134535367543
1 0.5415925925925925 0.6577392510402219 0.03161111111111111 0.04818307905686547
0 0.6891759259259259 0.6130235783633842 0.029537037037037035 0.028959778085991678
0 0.28458333333333335 0.610873786407767 0.028046296296296295 0.027031900138696253
0 0.5152592592592593 0.686504854368932 0.024185185185185185 0.030943134535367543
2 0.5368703703703704 0.7308599167822469 0.028694444444444443 0.09572815533980582
0 0.8976574074074074 0.5904022191400832 0.030166666666666665 0.0344244105409154
0 0.3910740740740741 0.6453120665742025 0.030462962962962963 0.030152565880721217
3 0.27516666666666667 0.6965187239944521 0.038842592592592595 0.10624133148404992
3 0.09722222222222222 0.6851595006934813 0.04814814814814815 0.0970873786407767
2 0.3902777777777778 0.731622746185853 0.03611111111111111 0.09847434119278779
2 0.6824074074074075 0.6858529819694869 0.03518518518518519 0.07628294036061026
2 0.887962962962963 0.680998613037448 0.03148148148148148 0.09153952843273232