2 0.2677232142857143 0.6071263227513227 0.09017113095238094 0.14371362433862434
0 0.27632688492063495 0.47520171957671953 0.046445932539682544 0.03820105820105827
0 0.8974007936507936 0.533068783068783 0.036339285714285685 0.03201388888888893
0 0.38961061507936506 0.487417328042328 0.046118551587301604 0.044365079365079385
0 0.7180828373015873 0.49541666666666667 0.04349950396825397 0.0360251322751323
0 0.5113640873015873 0.4845800264550264 0.031312003968253954 0.02695767195767192
0 0.5713492063492063 0.5045337301587302 0.04323164682539682 0.04022156084656089
0 0.6553149801587301 0.5029828042328042 0.04324652777777782 0.037579365079365136
0 0.8612227182539681 0.537311507936508 0.036396329365079305 0.03671957671957671
2 0.6493055555555555 0.6197718253968254 0.06108134920634911 0.14991732804232796
2 0.3862847222222222 0.6175595238095238 0.07316468253968256 0.14715608465608473
2 0.4786706349206349 0.6043320105820106 0.06944444444444442 0.13723544973544968
2 0.5729166666666666 0.6258267195767195 0.06944444444444442 0.14715608465608465
2 0.7229662698412698 0.6183862433862433 0.06448412698412698 0.12896825396825387
2 0.7992311507936507 0.6175595238095237 0.06076388888888884 0.1339285714285714
2 0.8637152777777777 0.6382275132275131 0.05828373015873023 0.1124338624338624
2 0.9089781746031745 0.6357473544973545 0.05456349206349209 0.11739417989417993
2 0.9623015873015872 0.6382275132275131 0.062003968253968145 0.12566137566137559
0 0.953000992063492 0.539021164021164 0.04092261904761907 0.0330687830687831
0 0.33730158730158727 0.4885912698412698 0.03968253968253965 0.03802910052910047
0 0.24677579365079366 0.5026455026455027 0.03720238095238096 0.0330687830687831
0 0.4383680555555555 0.5125661375661376 0.031001984126984072 0.04298941798941799
0 0.47991071428571425 0.4786706349206349 0.03472222222222221 0.034722222222222175
0 0.8023313492063492 0.5150462962962963 0.042162698412698374 0.04133597883597876