0 0.4420289855072464 0.4543478260869565 0.03768115942028986 0.043478260869565216
2 0.30434782608695654 0.34782608695652173 0.06956521739130435 0.13260869565217392
2 0.35144927536231885 0.3695652173913043 0.06376811594202898 0.14130434782608695
0 0.5891304347826087 0.5119565217391304 0.03768115942028986 0.041304347826086954
0 0.39057971014492754 0.44782608695652176 0.0391304347826087 0.041304347826086954
0 0.5427536231884058 0.4880434782608696 0.034782608695652174 0.034782608695652174
0 0.48188405797101447 0.3 0.03188405797101449 0.03695652173913044
0 0.644927536231884 0.35978260869565215 0.03333333333333333 0.034782608695652174
0 0.6927536231884058 0.3565217391304348 0.03333333333333333 0.03260869565217391
0 0.4956521739130435 0.48043478260869565 0.0391304347826087 0.041304347826086954
0 0.3 0.21521739130434783 0.034782608695652174 0.034782608695652174
0 0.5181159420289855 0.32282608695652176 0.028985507246376812 0.03260869565217391
2 0.5369565217391304 0.5771739130434783 0.059420289855072465 0.0891304347826087
0 0.42536231884057973 0.27065217391304347 0.02753623188405797 0.02826086956521739
0 0.5572463768115942 0.3282608695652174 0.02753623188405797 0.030434782608695653
0 0.33768115942028987 0.24347826086956523 0.028985507246376812 0.03260869565217391
2 0.47246376811594204 0.38369565217391305 0.05507246376811594 0.10217391304347827
2 0.3855072463768116 0.5239130434782608 0.059420289855072465 0.10434782608695652
0 0.7326086956521739 0.10108695652173913 0.03188405797101449 0.041304347826086954
2 0.4826086956521739 0.5684782608695652 0.07101449275362319 0.10652173913043478
0 0.5079710144927536 0.38913043478260867 0.028985507246376812 0.03260869565217391
0 0.5927536231884057 0.34782608695652173 0.02753623188405797 0.02826086956521739
0 0.6905797101449276 0.38913043478260867 0.03188405797101449 0.034782608695652174
2 0.4101449275362319 0.3641304347826087 0.04927536231884058 0.09347826086956522
2 0.43043478260869567 0.5478260869565217 0.06811594202898551 0.09782608695652174
2 0.5442028985507247 0.4108695652173913 0.05217391304347826 0.09782608695652174
0 0.3673913043478261 0.27065217391304347 0.030434782608695653 0.03695652173913044
0 0.3963768115942029 0.27717391304347827 0.02753623188405797 0.03695652173913044
0 0.34130434782608693 0.4391304347826087 0.04057971014492753 0.043478260869565216
2 0.5855072463768116 0.5945652173913043 0.05217391304347826 0.08695652173913043
2 0.33405797101449275 0.5119565217391304 0.06666666666666667 0.08260869565217391
2 0.6463768115942029 0.4782608695652174 0.05507246376811594 0.1
2 0.6818840579710145 0.47934782608695653 0.0536231884057971 0.10652173913043478
2 0.5847826086956521 0.42391304347826086 0.04492753623188406 0.0782608695652174
2 0.6210144927536232 0.4543478260869565 0.036231884057971016 0.11304347826086956
2 0.4427536231884058 0.3695652173913043 0.034782608695652174 0.08260869565217391