2 0.3408409090909091 0.6147575757575757 0.07868181818181817 0.15875757575757576
2 0.23775 0.5604545454545454 0.09197727272727273 0.14372727272727273
2 0.6186136363636363 0.5997575757575757 0.07113636363636364 0.17548484848484847
2 0.5510227272727273 0.6099393939393939 0.07411363636363637 0.16775757575757574
0 0.5449318181818182 0.3863030303030303 0.04702272727272728 0.043393939393939394
0 0.6185454545454546 0.44351515151515153 0.04918181818181818 0.045
0 0.34313636363636363 0.4706969696969697 0.051522727272727276 0.0426969696969697
0 0.7221818181818181 0.4418484848484849 0.04925 0.03951515151515151
0 0.24047727272727273 0.42048484848484846 0.05806818181818182 0.050666666666666665
2 0.45093181818181816 0.43457575757575756 0.027886363636363636 0.03442424242424242
0 0.4816590909090909 0.4294545454545455 0.04818181818181818 0.05533333333333334
0 0.3949090909090909 0.4283030303030303 0.04706818181818182 0.05163636363636363
0 0.8274090909090909 0.40090909090909094 0.05143181818181818 0.050666666666666665
2 0.8330681818181819 0.5453333333333333 0.1050909090909091 0.16796969696969696
0 0.549409090909091 0.4748787878787879 0.04888636363636364 0.04936363636363636
2 0.7226136363636363 0.595030303030303 0.07747727272727274 0.16254545454545455
2 0.46745454545454546 0.5895454545454546 0.094 0.18733333333333332