2 0.15722222222222224 0.6402337228714524 0.13777777777777778 0.22537562604340566
0 0.27444444444444444 0.337228714524207 0.07333333333333333 0.07846410684474124
2 0.5616666666666666 0.39482470784641066 0.058888888888888886 0.08514190317195326
3 0.11888888888888889 0.9373956594323873 0.17777777777777778 0.12520868113522537
0 0.8661111111111112 0.17445742904841402 0.06 0.09181969949916527
0 0.375 0.24874791318864775 0.07333333333333333 0.09181969949916527
0 0.44 0.5826377295492488 0.07888888888888888 0.1285475792988314
0 0.12666666666666668 0.49165275459098495 0.07555555555555556 0.1001669449081803
2 0.29444444444444445 0.5300500834724541 0.08222222222222222 0.2337228714524207
3 0.8577777777777778 0.3313856427378965 0.10111111111111111 0.1986644407345576
2 0.41944444444444445 0.3989983305509182 0.10777777777777778 0.2020033388981636