0 0.5400534045393859 0.47419928825622776 0.08411214953271028 0.08540925266903915
2 0.5634178905206942 0.3665480427046263 0.12283044058744993 0.1494661921708185
0 0.3991989319092123 0.5400355871886121 0.1054739652870494 0.09430604982206406
2 0.7176234979973297 0.3959074733096085 0.16688918558077437 0.2900355871886121
1 0.0774365821094793 0.23843416370106763 0.14819759679572764 0.24733096085409254
1 0.2049399198931909 0.2215302491103203 0.12817089452603472 0.2402135231316726
1 0.3190921228304406 0.24555160142348753 0.08277703604806408 0.13167259786476868
1 0.3978638184245661 0.2001779359430605 0.0534045393858478 0.10676156583629894
1 0.43457943925233644 0.23398576512455516 0.037383177570093455 0.0693950177935943
1 0.5447263017356475 0.2491103202846975 0.06008010680907877 0.08896797153024912
1 0.7129506008010681 0.20373665480427047 0.06275033377837116 0.1103202846975089
1 0.507343124165554 0.5498220640569395 0.06942590120160214 0.09786476868327403
2 0.7690253671562083 0.8701067615658363 0.4205607476635514 0.2526690391459075
2 0.22897196261682243 0.5871886120996441 0.1882510013351135 0.5106761565836299
2 0.08678237650200267 0.6138790035587188 0.17356475300400534 0.5088967971530249