0 0.4280153846153846 0.3841235059760956 0.03581538461538462 0.037171314741035855
0 0.47655384615384616 0.39591633466135456 0.03683076923076923 0.030498007968127492
2 0.42078461538461537 0.48687250996015935 0.0625076923076923 0.11272908366533865
0 0.2900615384615384 0.3541633466135458 0.02803076923076923 0.030597609561752986
2 0.3175076923076923 0.4353386454183267 0.04558461538461538 0.08075697211155378
0 0.39153846153846156 0.33298804780876495 0.02656923076923077 0.01932270916334661
0 0.4824307692307692 0.26990039840637453 0.02773846153846154 0.02239043824701195
0 0.1007076923076923 0.37011952191235065 0.04498461538461538 0.039203187250996016
0 0.34386153846153844 0.32055776892430277 0.028276923076923074 0.026553784860557768
2 0.38004615384615387 0.43177290836653387 0.04432307692307692 0.08826693227091634
0 0.24541538461538462 0.3521314741035857 0.03336923076923077 0.034083665338645416
0 0.19238461538461538 0.3937051792828685 0.04566153846153846 0.04944223107569721
0 0.053369230769230766 0.3417529880478088 0.03690769230769231 0.03611553784860558
3 0.17615384615384616 0.5147808764940239 0.07389230769230769 0.1491235059760956
3 0.2696769230769231 0.5197211155378486 0.07235384615384616 0.1349003984063745
0 0.2719846153846154 0.404800796812749 0.040661538461538464 0.049800796812749
3 0.09121538461538461 0.48804780876494025 0.06373846153846154 0.12521912350597608
3 0.041753846153846155 0.4311354581673307 0.043953846153846156 0.11097609561752989