2 0.6511363636363636 0.6333333333333333 0.08863636363636364 0.16666666666666666
2 0.7568181818181818 0.5909090909090909 0.1 0.15454545454545454
2 0.375 0.5848484848484848 0.08181818181818182 0.18181818181818182
2 0.4420454545454545 0.603030303030303 0.08409090909090909 0.17575757575757575
0 0.4625 0.38181818181818183 0.05 0.048484848484848485
0 0.38522727272727275 0.4303030303030303 0.05227272727272727 0.051515151515151514
0 0.6579545454545455 0.4893939393939394 0.05454545454545454 0.048484848484848485
0 0.28295454545454546 0.4166666666666667 0.05227272727272727 0.045454545454545456
0 0.7636363636363637 0.45151515151515154 0.06136363636363636 0.05757575757575758
2 0.553409090909091 0.4409090909090909 0.029545454545454545 0.03636363636363636
0 0.5227272727272727 0.4318181818181818 0.05227272727272727 0.06060606060606061
0 0.6090909090909091 0.4409090909090909 0.05 0.05757575757575758
0 0.1806818181818182 0.36363636363636365 0.05454545454545454 0.05757575757575758
2 0.16477272727272727 0.5060606060606061 0.1159090909090909 0.1787878787878788
0 0.45227272727272727 0.4696969696969697 0.05227272727272727 0.05454545454545454
2 0.2715909090909091 0.5681818181818182 0.08863636363636364 0.1696969696969697
2 0.5261363636363636 0.5924242424242424 0.10681818181818181 0.19696969696969696