0 0.5579710144927537 0.4532608695652174 0.03768115942028986 0.043478260869565216
2 0.6934782608695652 0.3423913043478261 0.07101449275362319 0.13260869565217392
2 0.6471014492753623 0.3652173913043478 0.06521739130434782 0.14130434782608695
0 0.4108695652173913 0.5141304347826087 0.03768115942028986 0.041304347826086954
0 0.6086956521739131 0.44456521739130433 0.0391304347826087 0.043478260869565216
0 0.4572463768115942 0.4891304347826087 0.036231884057971016 0.03695652173913044
0 0.5159420289855072 0.3 0.03188405797101449 0.03695652173913044
0 0.35289855072463766 0.3630434782608696 0.03333333333333333 0.03695652173913044
0 0.30579710144927535 0.36086956521739133 0.03333333333333333 0.03260869565217391
0 0.5043478260869565 0.48043478260869565 0.0391304347826087 0.041304347826086954
0 0.696376811594203 0.2108695652173913 0.034782608695652174 0.034782608695652174
0 0.4797101449275362 0.32282608695652176 0.028985507246376812 0.034782608695652174
2 0.4644927536231884 0.5771739130434783 0.059420289855072465 0.0891304347826087
0 0.572463768115942 0.2684782608695652 0.02753623188405797 0.02826086956521739
0 0.4405797101449275 0.33043478260869563 0.02753623188405797 0.030434782608695653
0 0.658695652173913 0.2391304347826087 0.028985507246376812 0.03260869565217391
2 0.5260869565217391 0.3826086956521739 0.05652173913043478 0.10217391304347827
2 0.6152173913043478 0.5206521739130435 0.06086956521739131 0.10652173913043478
0 0.26231884057971017 0.10652173913043478 0.03333333333333333 0.043478260869565216
2 0.5181159420289855 0.5684782608695652 0.07101449275362319 0.10652173913043478
0 0.4905797101449275 0.38913043478260867 0.028985507246376812 0.03260869565217391
0 0.40507246376811595 0.35108695652173916 0.028985507246376812 0.030434782608695653
0 0.30869565217391304 0.39456521739130435 0.03188405797101449 0.03695652173913044
2 0.5884057971014492 0.36195652173913045 0.04927536231884058 0.09347826086956522
2 0.5702898550724638 0.5467391304347826 0.06811594202898551 0.09782608695652174
2 0.4543478260869565 0.41195652173913044 0.05217391304347826 0.09782608695652174
0 0.6297101449275362 0.266304347826087 0.030434782608695653 0.03695652173913044
0 0.6007246376811595 0.275 0.02753623188405797 0.0391304347826087
0 0.6579710144927536 0.4358695652173913 0.04057971014492753 0.043478260869565216
2 0.41594202898550725 0.5967391304347827 0.05217391304347826 0.08695652173913043
2 0.6659420289855073 0.5076086956521739 0.06666666666666667 0.08260869565217391
2 0.3536231884057971 0.4815217391304348 0.05652173913043478 0.1
2 0.3173913043478261 0.48478260869565215 0.0536231884057971 0.10869565217391304
2 0.4144927536231884 0.4260869565217391 0.0463768115942029 0.08043478260869565
2 0.3782608695652174 0.45760869565217394 0.03768115942028986 0.11304347826086956
2 0.5557971014492754 0.3673913043478261 0.036231884057971016 0.08260869565217391