0 0.11388888888888889 0.6927877947295423 0.032407407407407406 0.03744798890429958
1 0.5574074074074075 0.6463245492371706 0.03611111111111111 0.05547850208044383
0 0.6986111111111111 0.5672676837725381 0.032407407407407406 0.036061026352288486
0 0.2986111111111111 0.6601941747572816 0.030555555555555555 0.033287101248266296
0 0.5347222222222222 0.6803051317614425 0.026851851851851852 0.036061026352288486
2 0.5606481481481481 0.7191400832177531 0.03796296296296296 0.10124826629680998
0 0.9023148148148148 0.4958391123439667 0.03333333333333333 0.04160887656033287
0 0.4074074074074074 0.6692094313453537 0.03333333333333333 0.03744798890429958
3 0.2986111111111111 0.746879334257975 0.049074074074074076 0.11373092926490985
3 0.12129629629629629 0.7773925104022191 0.05740740740740741 0.10679611650485436
2 0.41574074074074074 0.7545076282940361 0.046296296296296294 0.10540915395284327
2 0.6995370370370371 0.6407766990291263 0.04259259259259259 0.08321775312066575
2 0.9023148148148148 0.5880721220527045 0.040740740740740744 0.09847434119278779