0 0.42615384615384616 0.3854581673306773 0.036923076923076927 0.037848605577689244
0 0.4753846153846154 0.39641434262948205 0.036923076923076927 0.03187250996015936
2 0.4207692307692308 0.48904382470119523 0.06461538461538462 0.11354581673306773
0 0.28846153846153844 0.35856573705179284 0.027692307692307693 0.03187250996015936
2 0.3169230769230769 0.4392430278884462 0.046153846153846156 0.08167330677290836
0 0.3892307692307692 0.33565737051792827 0.026153846153846153 0.0199203187250996
0 0.47923076923076924 0.2699203187250996 0.027692307692307693 0.02390438247011952
0 0.09923076923076923 0.3794820717131474 0.046153846153846156 0.0398406374501992
0 0.3415384615384615 0.3237051792828685 0.02923076923076923 0.027888446215139442
2 0.3792307692307692 0.4342629482071713 0.046153846153846156 0.08964143426294821
0 0.24307692307692308 0.35756972111553786 0.033846153846153845 0.03386454183266932
0 0.19076923076923077 0.40039840637450197 0.046153846153846156 0.049800796812749
0 0.05153846153846154 0.351593625498008 0.036923076923076927 0.037848605577689244
3 0.17615384615384616 0.5219123505976095 0.07538461538461538 0.15139442231075698
3 0.27 0.5249003984063745 0.07384615384615385 0.13745019920318724
0 0.27076923076923076 0.4103585657370518 0.04153846153846154 0.049800796812749
3 0.09076923076923077 0.49701195219123506 0.06615384615384616 0.12749003984063745
3 0.040769230769230766 0.44123505976095617 0.046153846153846156 0.11155378486055777