0 0.4390625 0.15940366972477063 0.2 0.22018348623853212
0 0.6140625 0.3038990825688073 0.140625 0.13990825688073394
3 0.33828125 0.6788990825688074 0.303125 0.6192660550458715
0 0.3125 0.2786697247706422 0.10625 0.13990825688073394
0 0.059375 0.22247706422018348 0.0796875 0.15137614678899083
0 0.67890625 0.4690366972477064 0.1125 0.13761467889908258
0 0.76796875 0.46674311926605505 0.090625 0.10091743119266056
3 0.678125 0.7557339449541285 0.1484375 0.38990825688073394
3 0.053125 0.6525229357798165 0.10625 0.48853211009174313
3 0.54765625 0.7121559633027523 0.190625 0.5022935779816514
3 0.76015625 0.7339449541284404 0.1140625 0.3073394495412844