2 0.8504111111111111 0.5858764607679465 0.12462222222222222 0.20671118530884808
0 0.7130444444444445 0.3030884808013356 0.06873333333333333 0.06821368948247078
2 0.43123333333333336 0.40480801335559263 0.053755555555555556 0.0770617696160267
3 0.9116888888888889 0.9129549248747914 0.16703333333333334 0.17409015025041735
0 0.11342222222222222 0.2337228714524207 0.05463333333333333 0.08347245409015025
0 0.6069444444444444 0.23025041736227042 0.06758888888888889 0.08208681135225376
0 0.5652777777777778 0.5724874791318865 0.0713 0.11824707846410684
0 0.8708333333333333 0.43267111853088486 0.06944444444444445 0.08903171953255426
2 0.7064777777777779 0.49736227045075126 0.06666666666666667 0.22398998330550915
3 0.13241111111111112 0.38884808013355593 0.08888888888888889 0.18502504173622705
2 0.5731444444444445 0.3868447412353923 0.09468888888888889 0.18791318864774625