2 0.3595 0.5115658362989324 0.107 0.11387900355871886
2 0.249 0.5169039145907474 0.087 0.14056939501779359
0 0.332 0.3620996441281139 0.062 0.08185053380782918
1 0.1325 0.39768683274021355 0.049 0.09786476868327403
0 0.5385 0.3763345195729537 0.058 0.08185053380782918
2 0.8545 0.6103202846975089 0.138 0.2793594306049822
1 0.2235 0.40569395017793597 0.056 0.11387900355871886
1 0.4775 0.4225978647686833 0.046 0.09430604982206406
1 0.7195 0.2722419928825623 0.067 0.16548042704626334
1 0.691 0.4181494661921708 0.075 0.13701067615658363
1 0.6405 0.4110320284697509 0.045 0.12811387900355872
1 0.829 0.4083629893238434 0.092 0.17437722419928825
3 0.5515 0.5213523131672598 0.093 0.11921708185053381
3 0.4725 0.5124555160142349 0.069 0.10142348754448399
2 0.7195 0.5542704626334519 0.095 0.1423487544483986