0 0.478 0.581081081081081 0.032 0.042042042042042045
0 0.527 0.6681681681681682 0.028 0.042042042042042045
3 0.475 0.7087087087087087 0.098 0.10510510510510511
1 0.526 0.509009009009009 0.032 0.05105105105105105
1 0.434 0.46546546546546547 0.032 0.042042042042042045
1 0.366 0.6186186186186187 0.038 0.05405405405405406
1 0.531 0.7057057057057057 0.03 0.03903903903903904
2 0.392 0.7177177177177178 0.078 0.16516516516516516
2 0.435 0.521021021021021 0.062 0.0990990990990991
2 0.525 0.581081081081081 0.082 0.12312312312312312
2 0.547 0.7942942942942943 0.08 0.15615615615615616
3 0.545 0.18018018018018017 0.042 0.06906906906906907
0 0.535 0.12162162162162163 0.026 0.03303303303303303