2 0.94875 0.674812030075188 0.1025 0.2593984962406015
0 0.5125 0.4981203007518797 0.0375 0.039473684210526314
0 0.500625 0.5610902255639098 0.04125 0.05827067669172932
2 0.87125 0.6212406015037594 0.0675 0.16917293233082706
0 0.721875 0.5075187969924813 0.0625 0.045112781954887216
0 0.563125 0.5169172932330827 0.05625 0.07518796992481203
0 0.66125 0.5140977443609023 0.05375 0.06203007518796992
0 0.855625 0.48778195488721804 0.0475 0.06766917293233082
0 0.824375 0.47650375939849626 0.0325 0.05075187969924812
0 0.628125 0.5310150375939849 0.03 0.03571428571428571
0 0.46125 0.5375939849624061 0.03375 0.05075187969924812
0 0.89375 0.4924812030075188 0.04 0.05827067669172932
2 0.576875 0.6954887218045113 0.10625 0.23308270676691728
2 0.503125 0.7058270676691729 0.06625 0.19736842105263158
2 0.6675 0.6456766917293233 0.07 0.15977443609022557
2 0.74375 0.5883458646616542 0.04625 0.10338345864661654