2 0.361 0.5329181494661922 0.11 0.12277580071174377
2 0.2505 0.556049822064057 0.091 0.14768683274021352
0 0.326 0.3887900355871886 0.064 0.08718861209964412
1 0.129 0.45462633451957296 0.052 0.10320284697508897
0 0.532 0.3709964412811388 0.06 0.08540925266903915
2 0.8585 0.5551601423487544 0.146 0.2900355871886121
1 0.22 0.44928825622775803 0.059 0.11921708185053381
1 0.474 0.4261565836298932 0.048 0.09786476868327403
1 0.7075 0.2393238434163701 0.072 0.17259786476868327
1 0.686 0.3887900355871886 0.079 0.1423487544483986
1 0.6355 0.3896797153024911 0.049 0.13167259786476868
1 0.8235 0.35765124555160144 0.097 0.18327402135231316
3 0.5525 0.5133451957295374 0.096 0.12811387900355872
3 0.4735 0.5169039145907474 0.072 0.10676156583629894
2 0.7215 0.5204626334519573 0.099 0.1512455516014235