2 0.6431818181818182 0.646969696969697 0.09545454545454546 0.17272727272727273
2 0.7522727272727273 0.6151515151515151 0.10681818181818181 0.1606060606060606
2 0.3715909090909091 0.5742424242424242 0.09090909090909091 0.18787878787878787
2 0.43636363636363634 0.5984848484848485 0.09318181818181819 0.18181818181818182
0 0.4693181818181818 0.3787878787878788 0.05227272727272727 0.051515151515151514
0 0.38977272727272727 0.4196969696969697 0.05454545454545454 0.05454545454545454
0 0.6579545454545455 0.503030303030303 0.056818181818181816 0.051515151515151514
0 0.2875 0.396969696969697 0.05227272727272727 0.048484848484848485
0 0.7659090909090909 0.47575757575757577 0.06363636363636363 0.06363636363636363
2 0.5556818181818182 0.44545454545454544 0.031818181818181815 0.03939393939393939
0 0.5261363636363636 0.4348484848484849 0.05454545454545454 0.06363636363636363
0 0.6125 0.45151515151515154 0.05227272727272727 0.06060606060606061
0 0.18863636363636363 0.3333333333333333 0.056818181818181816 0.06060606060606061
2 0.16590909090909092 0.47575757575757577 0.12272727272727273 0.18787878787878787
0 0.45454545454545453 0.46515151515151515 0.05454545454545454 0.05757575757575758
2 0.26931818181818185 0.546969696969697 0.09545454545454546 0.17575757575757575
2 0.5215909090909091 0.5954545454545455 0.1159090909090909 0.20606060606060606