2 0.145 0.493322203672788 0.14666666666666667 0.2353923205342237
0 0.31277777777777777 0.25041736227045075 0.07555555555555556 0.08514190317195326
2 0.5788888888888889 0.4240400667779633 0.06222222222222222 0.09015025041736227
3 0.06944444444444445 0.7988313856427379 0.1388888888888889 0.21535893155258765
0 0.9116666666666666 0.33889816360601 0.06333333333333334 0.09682804674457429
0 0.4261111111111111 0.20617696160267113 0.07555555555555556 0.09849749582637729
0 0.4272222222222222 0.5542570951585977 0.08333333333333333 0.1352253756260434
0 0.14277777777777778 0.337228714524207 0.07888888888888888 0.10517529215358931
2 0.2972222222222222 0.44323873121869783 0.09111111111111111 0.2387312186978297
3 0.875 0.48664440734557596 0.10888888888888888 0.20534223706176963
2 0.4411111111111111 0.36978297161936563 0.11444444444444445 0.21035058430717862