0 0.533 0.5720720720720721 0.028640000000000002 0.035255255255255254
0 0.49682 0.6722522522522523 0.022719999999999997 0.036846846846846845
3 0.55364 0.6968468468468468 0.0891 0.07780780780780781
1 0.4759 0.5166666666666667 0.026359999999999998 0.04231231231231231
1 0.5595399999999999 0.444984984984985 0.02818 0.035495495495495494
1 0.6477200000000001 0.5746546546546547 0.03182 0.0436936936936937
1 0.49818 0.7111711711711711 0.027280000000000002 0.03003003003003003
2 0.6359 0.6797597597597598 0.0591 0.15015015015015015
2 0.56636 0.500960960960961 0.0509 0.08462462462462463
2 0.48728 0.5876276276276277 0.0691 0.10237237237237239
2 0.495 0.801951951951952 0.060899999999999996 0.1406006006006006
3 0.41182 0.20066066066066063 0.03454 0.06006006006006006
0 0.41318 0.14129129129129128 0.022719999999999997 0.025945945945945948