2 0.287353515625 0.6643880208333334 0.10888671875 0.1640625
0 0.27685546875 0.5325520833333334 0.05126953125 0.049479166666666664
0 0.894775390625 0.4313151041666667 0.0400390625 0.040364583333333336
0 0.389892578125 0.515625 0.0517578125 0.055338541666666664
0 0.71337890625 0.4401041666666667 0.0478515625 0.046223958333333336
0 0.509033203125 0.4820963541666667 0.03466796875 0.034505208333333336
0 0.57080078125 0.486328125 0.04833984375 0.05078125
0 0.65283203125 0.4635416666666667 0.0478515625 0.048177083333333336
0 0.85986328125 0.4446614583333333 0.041015625 0.045572916666666664
2 0.663818359375 0.5794270833333334 0.08154296875 0.16276041666666666
2 0.4052734375 0.6442057291666666 0.0927734375 0.16276041666666666
2 0.493896484375 0.6077473958333334 0.087890625 0.15234375
2 0.589599609375 0.6048177083333334 0.08935546875 0.162109375
2 0.73583984375 0.5595703125 0.08154296875 0.14322916666666666
2 0.810546875 0.5393880208333334 0.07861328125 0.14713541666666666
2 0.876708984375 0.5432942708333334 0.0732421875 0.125
2 0.9208984375 0.529296875 0.0703125 0.12890625
2 0.967041015625 0.5182291666666666 0.06591796875 0.13932291666666666
0 0.9501953125 0.4231770833333333 0.044921875 0.04296875
0 0.338623046875 0.5302734375 0.04443359375 0.047526041666666664
0 0.251708984375 0.5670572916666666 0.041015625 0.041666666666666664
0 0.44140625 0.5279947916666666 0.03662109375 0.050130208333333336
0 0.477294921875 0.4840494791666667 0.0390625 0.04296875
0 0.798828125 0.4378255208333333 0.04736328125 0.051432291666666664