0 0.5395594125500668 0.47208185053380786 0.08176234979973299 0.08222419928825624
2 0.5599065420560748 0.3638256227758007 0.11937249666221629 0.14485765124555158
0 0.4006141522029373 0.544982206405694 0.10276368491321762 0.08898576512455515
2 0.714686248331108 0.3859608540925267 0.15985313751668892 0.28316725978647683
1 0.07086782376502003 0.2586832740213523 0.1417222963951936 0.24088967971530248
1 0.19770360480640856 0.2354270462633452 0.12221628838451269 0.2354270462633452
1 0.31221628838451265 0.25389679715302493 0.0801068090787717 0.12729537366548044
1 0.38974632843791723 0.20530249110320284 0.050320427236315086 0.10402135231316727
1 0.4277436582109479 0.23747330960854093 0.03594125500667557 0.06706405693950178
1 0.5381575433911883 0.24706405693950176 0.05751668891855807 0.08622775800711743
1 0.7050467289719626 0.1936832740213523 0.06058744993324433 0.10813167259786477
1 0.5088785046728972 0.5495551601423488 0.06675567423230974 0.09444839857651245
2 0.7784779706275033 0.857508896797153 0.414913217623498 0.23405693950177933
2 0.23108144192256344 0.5995017793594306 0.17459279038718292 0.5037010676156584
2 0.08627503337783712 0.6337188612099643 0.1684245660881175 0.5009608540925268