3 0.09055555555555556 0.58 0.09333333333333334 0.16444444444444445
3 0.63 0.6614814814814814 0.09888888888888889 0.16444444444444445
3 0.4066666666666667 0.62 0.08777777777777777 0.16
3 0.32666666666666666 0.5955555555555555 0.10666666666666667 0.16592592592592592
3 0.5344444444444445 0.654074074074074 0.0811111111111111 0.15703703703703703
0 0.5155555555555555 0.554074074074074 0.04666666666666667 0.045925925925925926
0 0.1411111111111111 0.4414814814814815 0.04555555555555556 0.05333333333333334
0 0.3388888888888889 0.482962962962963 0.04888888888888889 0.06074074074074074
0 0.10444444444444445 0.4577777777777778 0.051111111111111114 0.056296296296296296
0 0.6338888888888888 0.5348148148148149 0.04555555555555556 0.05185185185185185
1 0.41833333333333333 0.5177777777777778 0.04777777777777778 0.06222222222222222
0 0.5733333333333334 0.6555555555555556 0.03 0.05037037037037037
1 0.5538888888888889 0.5503703703703704 0.044444444444444446 0.056296296296296296
0 0.33555555555555555 0.45111111111111113 0.04 0.05333333333333334
3 0.4911111111111111 0.6422222222222222 0.06444444444444444 0.1451851851851852
3 0.14555555555555555 0.5592592592592592 0.06777777777777778 0.15259259259259259