0 0.5174363636363636 0.24994535519125685 0.061018181818181826 0.06068306010928962
0 0.9328909090909091 0.2884426229508196 0.059890909090909085 0.06065573770491803
0 0.6313454545454545 0.24939890710382515 0.06021818181818182 0.062459016393442625
0 0.7733454545454544 0.3058196721311476 0.055672727272727277 0.055901639344262295
0 0.25680000000000003 0.24122950819672132 0.05027272727272727 0.058469945355191254
0 0.1272909090909091 0.29573770491803275 0.06005454545454546 0.05863387978142077
3 0.9327636363636364 0.47224043715847 0.1248 0.19183060109289615
3 0.77 0.4344262295081967 0.10363636363636364 0.11475409836065574
3 0.6454545454545455 0.40846994535519127 0.1290909090909091 0.16120218579234974
3 0.12136363636363637 0.44603825136612024 0.15545454545454546 0.12158469945355191
3 0.2431818181818182 0.4057377049180328 0.1190909090909091 0.1830601092896175