0 0.44782608695652176 0.5618955512572534 0.030434782608695653 0.029013539651837523
0 0.22028985507246376 0.5483558994197292 0.034782608695652174 0.03481624758220503
0 0.48405797101449277 0.5599613152804642 0.03333333333333333 0.030947775628626693
0 0.27246376811594203 0.5493230174081238 0.03188405797101449 0.03288201160541586
0 0.3601449275362319 0.6692456479690522 0.036231884057971016 0.03288201160541586
0 0.11231884057971014 0.5415860735009671 0.036231884057971016 0.030947775628626693
0 0.4144927536231884 0.6721470019342359 0.0391304347826087 0.0367504835589942
0 0.5818840579710145 0.6943907156673114 0.03333333333333333 0.030947775628626693
0 0.7275362318840579 0.5870406189555126 0.030434782608695653 0.029013539651837523
0 0.16304347826086957 0.5541586073500967 0.034782608695652174 0.030947775628626693
0 0.6463768115942029 0.6963249516441006 0.036231884057971016 0.04061895551257253
0 0.6398550724637682 0.5551257253384912 0.030434782608695653 0.029013539651837523
0 0.7615942028985507 0.7011605415860735 0.036231884057971016 0.03481624758220503
0 0.7768115942028986 0.5938104448742747 0.03768115942028986 0.03288201160541586
0 0.8159420289855073 0.7011605415860735 0.0391304347826087 0.03481624758220503
0 0.6768115942028986 0.5851063829787234 0.030434782608695653 0.029013539651837523
0 0.8463768115942029 0.586073500967118 0.03188405797101449 0.030947775628626693
0 0.5282608695652173 0.6876208897485493 0.0391304347826087 0.03868471953578337
0 0.42391304347826086 0.5676982591876208 0.02753623188405797 0.03288201160541586
0 0.9050724637681159 0.5793036750483559 0.030434782608695653 0.04448742746615087
0 0.15217391304347827 0.6692456479690522 0.04057971014492753 0.0367504835589942
0 0.886231884057971 0.7030947775628626 0.03768115942028986 0.03288201160541586
0 0.7014492753623188 0.7079303675048356 0.03333333333333333 0.03868471953578337
0 0.463768115942029 0.6827852998065764 0.03768115942028986 0.0425531914893617
0 0.6789855072463769 0.5551257253384912 0.028985507246376812 0.027079303675048357
0 0.7594202898550725 0.5715667311411993 0.030434782608695653 0.025145067698259187
0 0.2826086956521739 0.6673114119922631 0.03768115942028986 0.04061895551257253
0 0.3384057971014493 0.5618955512572534 0.036231884057971016 0.029013539651837523
0 0.21884057971014492 0.6711798839458414 0.03768115942028986 0.03288201160541586
0 0.8188405797101449 0.5831721470019342 0.030434782608695653 0.029013539651837523
2 0.7579710144927536 0.7775628626692457 0.057971014492753624 0.07930367504835589
0 0.3036231884057971 0.5657640232108317 0.028985507246376812 0.025145067698259187
2 0.5789855072463768 0.7794970986460348 0.06376811594202898 0.10638297872340426
0 0.3898550724637681 0.5609284332688588 0.02753623188405797 0.03288201160541586
2 0.4057971014492754 0.7630560928433269 0.050724637681159424 0.10831721470019343
0 0.7130434782608696 0.5638297872340425 0.030434782608695653 0.025145067698259187
2 0.8869565217391304 0.7823984526112185 0.06086956521739131 0.09284332688588008
0 0.5413043478260869 0.5589941972920697 0.028985507246376812 0.030947775628626693
2 0.1463768115942029 0.7495164410058027 0.06521739130434782 0.09671179883945841
2 0.822463768115942 0.7775628626692457 0.057971014492753624 0.09864603481624758
0 0.6159420289855072 0.5705996131528046 0.02608695652173913 0.03481624758220503
0 0.591304347826087 0.5647969052224371 0.030434782608695653 0.03288201160541586
0 0.5652173913043478 0.562862669245648 0.02463768115942029 0.03288201160541586
2 0.32681159420289857 0.6431334622823984 0.0463768115942029 0.08123791102514506
2 0.4405797101449275 0.6373307543520309 0.043478260869565216 0.059961315280464215
2 0.5210144927536232 0.7785299806576402 0.05507246376811594 0.10831721470019343
2 0.6405797101449275 0.7746615087040619 0.05652173913043478 0.08897485493230174
2 0.7036231884057971 0.7833655705996132 0.059420289855072465 0.09090909090909091
0 0.513768115942029 0.5599613152804642 0.028985507246376812 0.03868471953578337