3 0.894988888888889 0.6646222222222222 0.07640000000000001 0.14985185185185185
3 0.3528888888888889 0.6321333333333333 0.08253333333333333 0.1487111111111111
3 0.5780111111111111 0.6381925925925925 0.07167777777777778 0.1474962962962963
3 0.6598444444444445 0.630637037037037 0.09053333333333334 0.14822222222222223
3 0.4477222222222222 0.6449481481481482 0.06482222222222223 0.14594074074074076
0 0.4784555555555556 0.5500444444444444 0.04303333333333333 0.037896296296296296
0 0.8612333333333333 0.5173037037037037 0.04094444444444444 0.04463703703703704
0 0.6612888888888888 0.5168592592592592 0.04278888888888888 0.0525037037037037
0 0.8958444444444444 0.5411407407407407 0.045766666666666664 0.047096296296296296
0 0.36386666666666667 0.5063407407407406 0.0412 0.044429629629629624
1 0.5788222222222222 0.5343555555555556 0.041666666666666664 0.05354074074074074
0 0.4094 0.6387111111111111 0.025066666666666664 0.04619259259259259
1 0.4409111111111111 0.5387259259259259 0.03938888888888889 0.04848888888888889
0 0.6681777777777778 0.4861925925925926 0.03535555555555556 0.04579259259259259
3 0.49192222222222226 0.6424296296296296 0.04848888888888889 0.1373777777777778
3 0.8429333333333333 0.632325925925926 0.05151111111111111 0.1441037037037037