0 0.44296875 0.15711009174311927 0.2015625 0.22477064220183487
0 0.61640625 0.3073394495412844 0.1421875 0.14220183486238533
3 0.3359375 0.6754587155963303 0.309375 0.6238532110091743
0 0.31484375 0.27408256880733944 0.1078125 0.14220183486238533
0 0.06328125 0.21100917431192662 0.08125 0.1536697247706422
0 0.67890625 0.4736238532110092 0.1140625 0.13990825688073394
0 0.76875 0.4736238532110092 0.090625 0.10321100917431193
3 0.675 0.7603211009174312 0.1515625 0.38990825688073394
3 0.053125 0.6410550458715596 0.10625 0.48853211009174313
3 0.5453125 0.713302752293578 0.1953125 0.5022935779816514
3 0.7578125 0.7396788990825688 0.1171875 0.30963302752293576