2 0.553525 0.516425855513308 0.1270875 0.2861596958174905
0 0.2271 0.27990494296577945 0.0439125 0.060836501901140684
0 0.958925 0.2956273764258555 0.0762375 0.0561787072243346
2 0.077675 0.600893536121673 0.15536250000000001 0.29739543726235745
2 0.3709875 0.4970152091254753 0.152675 0.116787072243346
1 0.1883875 0.20844106463878326 0.0875 0.17517110266159697
1 0.1169625 0.35781368821292775 0.1321375 0.18604562737642585
1 0.37455 0.35849809885931555 0.0883875 0.15752851711026616
1 0.5571375 0.288574144486692 0.0696375 0.15074144486692018
1 0.7352625 0.2749809885931559 0.0883875 0.1887642585551331
1 0.802675 0.24511406844106465 0.06786249999999999 0.13714828897338402
1 0.9428624999999999 0.25190114068441066 0.0875 0.11271863117870723