2 0.10625 0.875 0.14 0.25
0 0.488125 0.5046992481203008 0.04 0.046992481203007516
0 0.5125 0.5573308270676691 0.04625 0.06578947368421052
2 0.175 0.7960526315789473 0.0825 0.17857142857142858
0 0.291875 0.6156015037593985 0.065 0.05827067669172932
0 0.44375 0.5469924812030075 0.0625 0.08458646616541353
0 0.35 0.5921052631578947 0.05875 0.07142857142857142
0 0.16125 0.6625939849624061 0.0525 0.07706766917293233
0 0.188125 0.6362781954887218 0.03625 0.05639097744360902
0 0.385625 0.5921052631578947 0.0325 0.041353383458646614
0 0.545 0.5159774436090225 0.03875 0.05639097744360902
0 0.12625 0.6860902255639098 0.045 0.06578947368421052
2 0.469375 0.7227443609022557 0.1275 0.24812030075187969
2 0.54125 0.6964285714285714 0.085 0.20488721804511278
2 0.373125 0.7199248120300752 0.08375 0.16917293233082706
2 0.28875 0.7030075187969925 0.055 0.11090225563909774