0 0.5557971014492754 0.5570599613152805 0.030434782608695653 0.030947775628626693
0 0.7811594202898551 0.5222437137330754 0.036231884057971016 0.0367504835589942
0 0.5195652173913043 0.558027079303675 0.034782608695652174 0.03481624758220503
0 0.7289855072463768 0.528046421663443 0.03333333333333333 0.03481624758220503
0 0.6485507246376812 0.655705996131528 0.03768115942028986 0.0367504835589942
0 0.8891304347826087 0.504835589941973 0.03768115942028986 0.03481624758220503
0 0.5942028985507246 0.6634429400386848 0.04057971014492753 0.04061895551257253
0 0.4282608695652174 0.7011605415860735 0.034782608695652174 0.03481624758220503
0 0.27753623188405796 0.6083172147001934 0.03188405797101449 0.030947775628626693
0 0.8391304347826087 0.5222437137330754 0.036231884057971016 0.03288201160541586
0 0.3644927536231884 0.7088974854932302 0.03768115942028986 0.04448742746615087
0 0.3630434782608696 0.5676982591876208 0.03188405797101449 0.030947775628626693
0 0.25 0.7243713733075435 0.03768115942028986 0.03868471953578337
0 0.2289855072463768 0.6199226305609284 0.0391304347826087 0.0367504835589942
0 0.19492753623188405 0.7292069632495164 0.04057971014492753 0.03868471953578337
0 0.3282608695652174 0.6015473887814313 0.03188405797101449 0.030947775628626693
0 0.15869565217391304 0.6179883945841392 0.03333333333333333 0.03288201160541586
0 0.48188405797101447 0.6895551257253385 0.042028985507246375 0.0425531914893617
0 0.5797101449275363 0.5599613152804642 0.028985507246376812 0.03481624758220503
0 0.1 0.6160541586073501 0.03333333333333333 0.04642166344294004
0 0.8557971014492753 0.6363636363636364 0.042028985507246375 0.04061895551257253
0 0.12536231884057972 0.7388781431334622 0.0391304347826087 0.0367504835589942
0 0.3094202898550725 0.7263056092843327 0.034782608695652174 0.04061895551257253
0 0.5463768115942029 0.6789168278529981 0.0391304347826087 0.04448742746615087
0 0.3239130434782609 0.5725338491295938 0.030434782608695653 0.029013539651837523
0 0.24492753623188407 0.5957446808510638 0.030434782608695653 0.029013539651837523
0 0.7253623188405797 0.6470019342359767 0.0391304347826087 0.0425531914893617
0 0.6644927536231884 0.5464216634429401 0.03768115942028986 0.03288201160541586
0 0.7898550724637681 0.6450676982591876 0.0391304347826087 0.0367504835589942
0 0.186231884057971 0.6131528046421664 0.03188405797101449 0.030947775628626693
2 0.2572463768115942 0.8007736943907157 0.06231884057971015 0.08317214700193423
0 0.6992753623188406 0.5473887814313346 0.030434782608695653 0.029013539651837523
2 0.4355072463768116 0.7862669245647969 0.06811594202898551 0.11218568665377177
0 0.6130434782608696 0.5502901353965184 0.028985507246376812 0.03481624758220503
2 0.6079710144927536 0.753384912959381 0.05652173913043478 0.11218568665377177
0 0.29130434782608694 0.5831721470019342 0.03188405797101449 0.027079303675048357
2 0.1289855072463768 0.8181818181818182 0.06521739130434782 0.09864603481624758
0 0.4623188405797101 0.562862669245648 0.030434782608695653 0.03288201160541586
2 0.8659420289855072 0.7156673114119922 0.06956521739130435 0.10251450676982592
2 0.1927536231884058 0.8065764023210832 0.06231884057971015 0.10251450676982592
0 0.38768115942028986 0.5812379110251451 0.02753623188405797 0.0367504835589942
0 0.41231884057971013 0.5725338491295938 0.03188405797101449 0.03481624758220503
0 0.4384057971014493 0.5696324951644101 0.02608695652173913 0.03481624758220503
2 0.6804347826086956 0.6266924564796905 0.050724637681159424 0.0851063829787234
2 0.5666666666666667 0.6315280464216635 0.0463768115942029 0.06382978723404255
2 0.4934782608695652 0.7804642166344294 0.06086956521739131 0.11218568665377177
2 0.3746376811594203 0.7872340425531915 0.06086956521739131 0.09284332688588008
2 0.3115942028985507 0.8017408123791102 0.06376811594202898 0.09671179883945841
0 0.48985507246376814 0.5609284332688588 0.030434782608695653 0.04061895551257253