0 0.25 0.31363636363636366 0.052 0.08181818181818182
0 0.313 0.3 0.046 0.08636363636363636
0 0.383 0.2727272727272727 0.04 0.07272727272727272
0 0.441 0.25227272727272726 0.044 0.07272727272727272
0 0.527 0.2159090909090909 0.042 0.07272727272727272
0 0.597 0.2159090909090909 0.044 0.07727272727272727
0 0.652 0.16590909090909092 0.044 0.08181818181818182
0 0.737 0.10681818181818181 0.038 0.07272727272727272
0 0.387 0.5227272727272727 0.046 0.07272727272727272
0 0.471 0.4727272727272727 0.048 0.08181818181818182
0 0.535 0.45227272727272727 0.038 0.07727272727272727
1 0.818 0.11818181818181818 0.046 0.10454545454545454
1 0.903 0.07954545454545454 0.05 0.12727272727272726
1 0.166 0.3840909090909091 0.048 0.12727272727272726
1 0.061 0.4022727272727273 0.052 0.12727272727272726
1 0.181 0.6477272727272727 0.052 0.12727272727272726
2 0.076 0.634090909090909 0.104 0.33636363636363636
2 0.166 0.5272727272727272 0.09 0.18636363636363637
2 0.187 0.7954545454545454 0.098 0.22272727272727272
2 0.835 0.2909090909090909 0.074 0.2318181818181818
2 0.917 0.25681818181818183 0.102 0.2318181818181818
3 0.657 0.36363636363636365 0.054 0.21818181818181817