0 0.550695652173913 0.564448742746615 0.029144927536231883 0.027678916827853
0 0.7780434782608696 0.5615860735009671 0.033652173913043475 0.03239845261121857
0 0.5147101449275362 0.5606769825918763 0.03198550724637681 0.03011605415860735
0 0.7258985507246377 0.5597678916827853 0.030956521739130435 0.03114119922630561
0 0.6352898550724638 0.6759381044487427 0.036072463768115945 0.03212765957446809
0 0.8862898550724637 0.5594390715667312 0.035942028985507246 0.02920696324951644
0 0.5806231884057971 0.675725338491296 0.03778260869565218 0.03547388781431335
0 0.41310144927536235 0.6904448742746615 0.03314492753623188 0.029535783365570598
0 0.27059420289855074 0.57678916827853 0.029724637681159422 0.027214700193423598
0 0.8355507246376811 0.5696905222437136 0.034608695652173914 0.02874274661508704
0 0.34879710144927534 0.6890715667311412 0.035072463768115944 0.03916827852998066
0 0.3586521739130435 0.548375241779497 0.029260869565217392 0.027098646034816248
0 0.2335072463768116 0.688568665377176 0.035565217391304346 0.034139264990328815
0 0.2211159420289855 0.5811411992263056 0.036173913043478265 0.032050290135396516
0 0.17891304347826087 0.6858800773694391 0.03794202898550725 0.03390715667311412
0 0.32115942028985506 0.5770599613152804 0.029782608695652173 0.026963249516441006
0 0.1513768115942029 0.5697872340425532 0.030550724637681156 0.02916827852998066
0 0.46679710144927533 0.6861702127659575 0.03868115942028986 0.036711798839458416
0 0.5745072463768116 0.5710831721470019 0.02697101449275362 0.03160541586073501
0 0.09323188405797102 0.5600967117988395 0.029405797101449273 0.04350096711798839
0 0.8428405797101448 0.6855125725338492 0.04 0.03439071566731142
0 0.10899999999999999 0.6853771760154739 0.0372463768115942 0.031663442940038686
0 0.2929855072463768 0.6986653771760154 0.03271014492753623 0.036866537717601545
0 0.5317826086956522 0.6845261121856866 0.036217391304347826 0.039941972920696324
0 0.31933333333333336 0.5471760154738878 0.028086956521739127 0.025899419729206966
0 0.23863768115942027 0.559284332688588 0.029130434782608697 0.024758220502901357
0 0.7129130434782609 0.6775048355899419 0.03620289855072464 0.038085106382978726
0 0.6599130434782609 0.5689748549323018 0.035420289855072465 0.02760154738878143
0 0.7767391304347827 0.6845647969052224 0.036971014492753626 0.032088974854932305
0 0.1790144927536232 0.5684719535783365 0.03046376811594203 0.02727272727272727
2 0.23468115942028986 0.7655899419729207 0.056 0.07601547388781431
0 0.6946376811594203 0.5751063829787234 0.028594202898550726 0.02448742746615087
2 0.41356521739130436 0.7753965183752418 0.06046376811594203 0.10400386847195359
0 0.6087391304347826 0.5658607350096712 0.026782608695652174 0.03212765957446809
2 0.5875797101449275 0.7668858800773695 0.048362318840579704 0.10531914893617021
0 0.28562318840579715 0.5540232108317215 0.029971014492753623 0.023520309477756286
2 0.10621739130434783 0.7642359767891683 0.05785507246376812 0.09052224371373307
0 0.457304347826087 0.5574854932301742 0.028057971014492752 0.028781431334622826
2 0.8471449275362318 0.765725338491296 0.06256521739130436 0.09381044487427466
2 0.17043478260869566 0.762127659574468 0.0552463768115942 0.0958027079303675
0 0.3819855072463768 0.5650676982591876 0.024840579710144927 0.03315280464216634
0 0.4068260869565217 0.5602321083172147 0.028985507246376812 0.03177949709864603
0 0.43323188405797103 0.5602321083172147 0.02381159420289855 0.03177949709864603
2 0.6692608695652175 0.651431334622824 0.044507246376811596 0.07874274661508704
2 0.5558985507246377 0.6396711798839458 0.041405797101449274 0.058027079303675046
2 0.47153623188405797 0.777833655705996 0.05279710144927536 0.10500967117988394
2 0.35247826086956524 0.7681624758220502 0.0548695652173913 0.08566731141199226
2 0.28933333333333333 0.7736943907156673 0.056942028985507244 0.08841392649903289
0 0.4849855072463768 0.5588588007736944 0.027956521739130432 0.03731141199226305