2 0.55375 0.5152091254752852 0.13 0.2889733840304182
0 0.224375 0.2870722433460076 0.045 0.06273764258555133
0 0.95625 0.2832699619771863 0.07625 0.058935361216730035
2 0.07875 0.6112167300380228 0.1575 0.30228136882129275
2 0.37125 0.5 0.15375 0.12167300380228137
1 0.185 0.21673003802281368 0.09 0.17680608365019013
1 0.115625 0.3678707224334601 0.13375 0.19011406844106463
1 0.373125 0.36216730038022815 0.09 0.1596958174904943
1 0.555 0.2870722433460076 0.07125 0.1520912547528517
1 0.7325 0.26901140684410646 0.09 0.1920152091254753
1 0.8 0.23669201520912547 0.07 0.13878326996197718
1 0.94 0.24049429657794677 0.08875 0.11596958174904944