2 0.5734375 0.47540983606557374 0.109375 0.19437939110070257
0 0.18203125 0.45081967213114754 0.16875 0.18266978922716628
0 0.046875 0.4613583138173302 0.0765625 0.0936768149882904
2 0.271875 0.7868852459016393 0.234375 0.4262295081967213
2 0.6625 0.8805620608899297 0.1171875 0.17096018735362997
0 0.3921875 0.41451990632318503 0.0984375 0.12177985948477751
0 0.46328125 0.3864168618266979 0.0703125 0.09836065573770492
0 0.5375 0.3360655737704918 0.0484375 0.07728337236533958
0 0.6796875 0.7435597189695551 0.128125 0.19672131147540983
2 0.43125 0.6487119437939111 0.1203125 0.27634660421545665
2 0.4984375 0.5878220140515222 0.121875 0.23653395784543327
2 0.0890625 0.6276346604215457 0.140625 0.2224824355971897