2 0.109375 0.5 0.1078125 0.17083333333333334
0 0.553125 0.48854166666666665 0.1640625 0.20625
2 0.20078125 0.45 0.0734375 0.125
1 0.34453125 0.35833333333333334 0.05 0.058333333333333334
2 0.25078125 0.759375 0.2140625 0.37083333333333335
0 0.69375 0.434375 0.1203125 0.11875
1 0.4703125 0.3729166666666667 0.065625 0.09791666666666667
1 0.4046875 0.43333333333333335 0.0890625 0.13333333333333333
0 0.68984375 0.33229166666666665 0.090625 0.08333333333333333
1 0.2234375 0.3572916666666667 0.0546875 0.08333333333333333
1 0.11171875 0.3885416666666667 0.065625 0.09791666666666667
3 0.72734375 0.8489583333333334 0.2671875 0.3020833333333333
3 0.7234375 0.5927083333333333 0.134375 0.16458333333333333
1 0.2796875 0.46041666666666664 0.15625 0.23333333333333334
1 0.38046875 0.33125 0.034375 0.04791666666666667
1 0.56484375 0.3645833333333333 0.0421875 0.06458333333333334
1 0.5203125 0.359375 0.0453125 0.06041666666666667