2 0.86875 0.6265306122448979 0.1578125 0.32857142857142857
0 0.67734375 0.47551020408163264 0.0390625 0.03469387755102041
2 0.5671875 0.676530612244898 0.165625 0.3224489795918367
0 0.740625 0.4816326530612245 0.0390625 0.05102040816326531
0 0.48671875 0.46122448979591835 0.0515625 0.05102040816326531
0 0.4328125 0.42346938775510207 0.0515625 0.04897959183673469
0 0.890625 0.4051020408163265 0.096875 0.08163265306122448
0 0.58046875 0.43979591836734694 0.071875 0.0673469387755102
0 0.27890625 0.3826530612244898 0.1 0.08571428571428572
0 0.51328125 0.4479591836734694 0.03125 0.02857142857142857
0 0.8234375 0.5255102040816326 0.025 0.02857142857142857
0 0.35703125 0.673469387755102 0.125 0.12448979591836734
2 0.45625 0.6346938775510204 0.1140625 0.25918367346938775
2 0.24296875 0.6326530612244898 0.18125 0.2938775510204082
2 0.33984375 0.8367346938775511 0.1296875 0.21224489795918366
2 0.671875 0.5785714285714286 0.0734375 0.1346938775510204