2 0.575515625 0.5012412177985949 0.08657812499999999 0.17060889929742387
0 0.19759374999999998 0.34548009367681504 0.152921875 0.13414519906323186
0 0.064640625 0.3094145199063232 0.06782812499999999 0.07173302107728337
2 0.226296875 0.7548711943793911 0.16509374999999998 0.49023419203747076
2 0.6013124999999999 0.9259953161592506 0.099421875 0.14028103044496487
0 0.407625 0.3802107728337236 0.0873125 0.0936768149882904
0 0.48115625 0.37676814988290397 0.059750000000000004 0.08128805620608899
0 0.561125 0.3533489461358314 0.039515625 0.06475409836065574
0 0.6383281249999999 0.7976346604215456 0.10570312500000001 0.1653161592505855
2 0.41039062499999995 0.6212880562060891 0.083640625 0.2534894613583138
2 0.48529687499999996 0.585480093676815 0.09190625 0.21215456674473068
2 0.080296875 0.4856440281030445 0.11595312499999999 0.1885245901639344