2 0.5430555555555555 0.7333333333333333 0.16666666666666666 0.30493827160493825
0 0.6949074074074074 0.5123456790123457 0.041666666666666664 0.04197530864197531
0 0.2902777777777778 0.5135802469135803 0.08611111111111111 0.10246913580246914
0 0.7217592592592592 0.5123456790123457 0.032407407407407406 0.04197530864197531
0 0.5412037037037037 0.47469135802469137 0.0824074074074074 0.10246913580246914
2 0.700462962962963 0.608641975308642 0.075 0.1259259259259259
2 0.2884259259259259 0.7191358024691358 0.14722222222222223 0.2777777777777778
0 0.6101851851851852 0.4888888888888889 0.062037037037037036 0.07407407407407407
0 0.42268518518518516 0.5746913580246914 0.022222222222222223 0.025925925925925925
0 0.3472222222222222 0.5740740740740741 0.019444444444444445 0.025925925925925925
0 0.45185185185185184 0.571604938271605 0.017592592592592594 0.025925925925925925