2 0.1210625 0.5580816326530612 0.12646875 0.3089183673469388
0 0.327078125 0.44348979591836735 0.0356875 0.02910204081632653
2 0.4146875 0.6621836734693878 0.13443750000000002 0.3016326530612245
0 0.26351562500000003 0.4384897959183674 0.034796875 0.045714285714285714
0 0.517671875 0.46367346938775506 0.048109374999999996 0.0436734693877551
0 0.5745625000000001 0.4366122448979592 0.047093750000000004 0.04102040816326531
0 0.12359374999999999 0.3346938775510204 0.090453125 0.06520408163265307
0 0.426546875 0.4252448979591837 0.0665625 0.056020408163265305
0 0.7313125 0.4236734693877551 0.093078125 0.06999999999999999
0 0.49273437500000006 0.44579591836734694 0.028749999999999998 0.024285714285714285
0 0.177015625 0.46667346938775506 0.023421875 0.02379591836734694
0 0.6229218750000001 0.6972857142857143 0.114578125 0.10475510204081633
2 0.528640625 0.6408163265306123 0.088546875 0.24489795918367346
2 0.740625 0.6782244897959183 0.154171875 0.26802040816326533
2 0.6229218750000001 0.8625918367346939 0.110421875 0.19320408163265307
2 0.321359375 0.5469387755102041 0.061453125 0.12516326530612246