2 0.7092592592592593 0.7627013630731103 0.1962962962962963 0.3345724907063197
3 0.3398148148148148 0.6239157372986369 0.20555555555555555 0.3097893432465923
0 0.7351851851851852 0.49814126394052044 0.13703703703703704 0.14622057001239158
0 0.16666666666666666 0.32589838909541513 0.05185185185185185 0.05204460966542751
0 0.4986111111111111 0.4591078066914498 0.08611111111111111 0.10285006195786865
0 0.18981481481481483 0.36864931846344484 0.062037037037037036 0.06815365551425032
0 0.46296296296296297 0.4157372986369269 0.06759259259259259 0.07930607187112763
0 0.5722222222222222 0.459727385377943 0.1 0.12267657992565056
0 0.9564814814814815 0.6065675340768277 0.08703703703703704 0.12267657992565056
0 0.38564814814814813 0.3748451053283767 0.12314814814814815 0.13011152416356878
1 0.24444444444444444 0.41263940520446096 0.0824074074074074 0.12639405204460966
1 0.2962962962962963 0.40954151177199505 0.06111111111111111 0.08674101610904585
2 0.8958333333333334 0.8643122676579925 0.14351851851851852 0.27137546468401486