2 0.88671875 0.4270833333333333 0.121875 0.18541666666666667
0 0.44609375 0.49895833333333334 0.1796875 0.22916666666666666
2 0.790625 0.39479166666666665 0.0828125 0.13333333333333333
1 0.6390625 0.33125 0.0546875 0.06666666666666667
2 0.77421875 0.7104166666666667 0.2453125 0.39791666666666664
0 0.3015625 0.4708333333333333 0.128125 0.13541666666666666
1 0.51640625 0.36875 0.0734375 0.10625
1 0.5875 0.415625 0.1 0.14583333333333334
0 0.29453125 0.3697916666666667 0.0953125 0.09791666666666667
1 0.759375 0.3072916666666667 0.0609375 0.08958333333333333
1 0.8734375 0.3177083333333333 0.0734375 0.10625
3 0.3125 0.859375 0.29375 0.28125
3 0.28828125 0.6333333333333333 0.146875 0.18333333333333332
1 0.7140625 0.4197916666666667 0.175 0.25416666666666665
1 0.60078125 0.3104166666666667 0.0390625 0.05416666666666667
1 0.42109375 0.378125 0.046875 0.07083333333333333
1 0.46484375 0.3645833333333333 0.05 0.06666666666666667