2 0.47129629629629627 0.737037037037037 0.18888888888888888 0.3197530864197531
0 0.6754629629629629 0.6129629629629629 0.04351851851851852 0.04691358024691358
0 0.30277777777777776 0.4030864197530864 0.09259259259259259 0.11234567901234568
0 0.700462962962963 0.6271604938271605 0.03425925925925926 0.04567901234567901
0 0.5453703703703704 0.4981481481481482 0.08796296296296297 0.1111111111111111
2 0.6527777777777778 0.7043209876543209 0.08425925925925926 0.13333333333333333
2 0.24074074074074073 0.591358024691358 0.1675925925925926 0.291358024691358
0 0.6046296296296296 0.5475308641975308 0.06574074074074074 0.08148148148148149
0 0.40694444444444444 0.528395061728395 0.024074074074074074 0.028395061728395062
0 0.3375 0.4888888888888889 0.021296296296296296 0.028395061728395062
0 0.43472222222222223 0.5407407407407407 0.019444444444444445 0.028395061728395062