2 0.1328125 0.6346938775510204 0.1625 0.3306122448979592
0 0.32265625 0.47959183673469385 0.0390625 0.036734693877551024
2 0.43515625 0.6775510204081633 0.16875 0.32448979591836735
0 0.259375 0.48775510204081635 0.0390625 0.053061224489795916
0 0.51328125 0.4602040816326531 0.053125 0.053061224489795916
0 0.56640625 0.42244897959183675 0.0515625 0.05102040816326531
0 0.10859375 0.413265306122449 0.096875 0.0836734693877551
0 0.41875 0.44081632653061226 0.071875 0.06938775510204082
0 0.71953125 0.37755102040816324 0.1 0.08775510204081632
0 0.48671875 0.4479591836734694 0.03125 0.030612244897959183
0 0.17734375 0.5326530612244897 0.0265625 0.02857142857142857
0 0.6453125 0.6693877551020408 0.125 0.12653061224489795
2 0.5453125 0.6336734693877552 0.1171875 0.25918367346938775
2 0.759375 0.6265306122448979 0.184375 0.29591836734693877
2 0.66484375 0.8326530612244898 0.1328125 0.21428571428571427
2 0.32890625 0.5826530612244898 0.075 0.13673469387755102