2 0.5182685185185185 0.7388888888888889 0.1387685185185185 0.2813827160493827
0 0.6915370370370371 0.5485308641975308 0.038268518518518514 0.03501234567901235
0 0.2907222222222222 0.47474074074074074 0.0777962962962963 0.08885185185185185
0 0.7182407407407407 0.5536543209876543 0.02838888888888889 0.03760493827160494
0 0.54325 0.48241975308641977 0.07347222222222222 0.08908641975308641
2 0.6872407407407408 0.6447160493827161 0.06378703703703703 0.11522222222222223
2 0.26749074074074075 0.677641975308642 0.12139814814814816 0.2578888888888889
0 0.6100833333333333 0.5096049382716049 0.05555555555555555 0.06446913580246913
0 0.4156388888888889 0.5596666666666666 0.020574074074074074 0.02195061728395062
0 0.3410462962962963 0.5452716049382716 0.01749074074074074 0.023320987654320988
0 0.44496296296296295 0.5617283950617284 0.015435185185185187 0.023320987654320988