2 0.88834375 0.5539583333333333 0.09653125 0.15895833333333334
0 0.44815625 0.4811666666666667 0.150875 0.18675
2 0.8011250000000001 0.49191666666666667 0.0641875 0.11602083333333332
1 0.6654687499999999 0.38087499999999996 0.045703125 0.05310416666666666
2 0.72784375 0.7929166666666667 0.187875 0.34752083333333333
0 0.3126875 0.40727083333333336 0.112234375 0.10291666666666667
1 0.539640625 0.37785416666666666 0.05828124999999999 0.0894375
1 0.60003125 0.4465625 0.079515625 0.1239375
0 0.3245 0.30724999999999997 0.085203125 0.072125
1 0.786484375 0.3968333333333333 0.049140625 0.07633333333333334
1 0.895140625 0.44304166666666667 0.059609375 0.089375
3 0.24375 0.8409791666666667 0.24375 0.31806249999999997
3 0.2703125 0.5611041666666666 0.123953125 0.14722916666666666
1 0.722390625 0.49097916666666663 0.140625 0.21527083333333333
1 0.632296875 0.3486041666666667 0.03125 0.0444375
1 0.44582812499999996 0.35625 0.0375 0.05972916666666667
1 0.490625 0.3569375 0.041671875000000004 0.0555625