2 0.24958333333333335 0.6872490706319703 0.14678703703703705 0.2960099132589839
3 0.6328981481481482 0.6717596034696407 0.16199074074074074 0.26571251548946717
0 0.27228703703703705 0.4219454770755886 0.12114814814814816 0.10976456009913259
0 0.8549074074074073 0.43889714993804213 0.04611111111111111 0.03869888475836431
0 0.5088148148148148 0.4610285006195787 0.07357407407407407 0.08169764560099134
0 0.8245648148148148 0.4730235439900868 0.05365740740740741 0.052936802973977695
0 0.5511481481481482 0.4303717472118959 0.058138888888888886 0.06185873605947956
0 0.43723148148148144 0.4377199504337051 0.08478703703703704 0.0980173482032218
0 0.03632407407407407 0.45655514250309787 0.0726574074074074 0.10184634448574968
0 0.6337685185185186 0.4157372986369269 0.10862962962962962 0.09809169764560098
1 0.7638888888888888 0.497732342007435 0.06481481481481481 0.1087732342007435
1 0.7139907407407408 0.4784510532837671 0.04937962962962963 0.07297397769516728
2 0.04063888888888889 0.7751672862453531 0.08127777777777778 0.3579801734820322