2 0.7694444444444445 0.6325898389095415 0.17962962962962964 0.32342007434944237
3 0.3888888888888889 0.6976456009913259 0.19074074074074074 0.29615861214374223
0 0.7157407407407408 0.3754646840148699 0.13240740740740742 0.13382899628252787
0 0.14212962962962963 0.5142503097893433 0.05 0.048327137546468404
0 0.48657407407407405 0.4634448574969021 0.0824074074074074 0.09665427509293681
0 0.1763888888888889 0.5415117719950434 0.05925925925925926 0.06319702602230483
0 0.4412037037037037 0.44175960346964066 0.06481481481481481 0.07311028500619579
0 0.5546296296296296 0.4256505576208178 0.09537037037037037 0.11400247831474597
0 0.9527777777777777 0.3593556381660471 0.08425925925925926 0.11524163568773234
0 0.3578703703703704 0.4448574969021066 0.11851851851851852 0.12019826517967781
1 0.2388888888888889 0.5532837670384139 0.07685185185185185 0.12143742255266418
1 0.2861111111111111 0.523543990086741 0.05740740740740741 0.08302354399008674
2 0.962037037037037 0.6747211895910781 0.07592592592592592 0.3705080545229244