2 0.42421875 0.5011709601873536 0.0859375 0.17096018735362997
0 0.80234375 0.34543325526932084 0.153125 0.13348946135831383
0 0.93515625 0.3091334894613583 0.0671875 0.07259953161592506
2 0.7734375 0.7552693208430913 0.165625 0.4894613583138173
2 0.3984375 0.9262295081967213 0.1 0.1405152224824356
0 0.5921875 0.3805620608899297 0.0875 0.0936768149882904
0 0.51875 0.3770491803278688 0.059375 0.08196721311475409
0 0.4390625 0.35362997658079626 0.0390625 0.06557377049180328
0 0.36171875 0.797423887587822 0.10625 0.16627634660421545
2 0.58984375 0.6217798594847775 0.084375 0.2529274004683841
2 0.51484375 0.585480093676815 0.0921875 0.21311475409836064
2 0.91953125 0.4859484777517564 0.115625 0.1873536299765808