2 0.5475 0.5618336886993603 0.03666666666666667 0.06183368869936034
3 0.695 0.7228144989339019 0.115 0.2281449893390192
0 0.7325 0.5522388059701493 0.075 0.07889125799573561
0 0.8875 0.6012793176972282 0.03166666666666667 0.0255863539445629
2 0.44666666666666666 0.5628997867803838 0.045 0.07462686567164178
0 0.9625 0.6119402985074627 0.025 0.021321961620469083
2 0.8791666666666667 0.6556503198294243 0.045 0.07249466950959488
1 0.45666666666666667 0.5159914712153518 0.03 0.042643923240938165
1 0.5483333333333333 0.5181236673773987 0.015 0.021321961620469083
1 0.6716666666666666 0.5565031982942431 0.021666666666666667 0.029850746268656716
1 0.5158333333333334 0.5202558635394456 0.023333333333333334 0.03411513859275053
1 0.48333333333333334 0.5426439232409381 0.02 0.0255863539445629
2 0.5116666666666667 0.55863539445629 0.03166666666666667 0.0511727078891258
2 0.4766666666666667 0.5788912579957356 0.03666666666666667 0.06183368869936034
2 0.6666666666666666 0.5948827292110874 0.03333333333333333 0.0511727078891258