0 0.04 0.34234234234234234 0.042 0.05405405405405406
0 0.781 0.512012012012012 0.032 0.03003003003003003
0 0.407 0.506006006006006 0.032 0.05105105105105105
0 0.286 0.4294294294294294 0.06 0.06006006006006006
0 0.429 0.46546546546546547 0.028 0.036036036036036036
0 0.271 0.3888888888888889 0.038 0.04804804804804805
0 0.628 0.47897897897897895 0.044 0.05405405405405406
3 0.782 0.6171171171171171 0.076 0.15015015015015015
3 0.595 0.5675675675675675 0.06 0.12312312312312312
3 0.285 0.5570570570570571 0.086 0.16516516516516516
3 0.063 0.44144144144144143 0.086 0.13813813813813813