0 0.785 0.23411371237458195 0.0725 0.07692307692307693
0 0.0975 0.2725752508361204 0.055 0.06020066889632107
0 0.165 0.25418060200668896 0.0525 0.056856187290969896
0 0.7125 0.2692307692307692 0.0375 0.033444816053511704
0 0.3925 0.29264214046822745 0.0375 0.03678929765886288
0 0.8725 0.25752508361204013 0.0525 0.043478260869565216
0 0.5775 0.25752508361204013 0.035 0.033444816053511704
0 0.36875 0.26588628762541805 0.0375 0.04013377926421405
0 0.4925 0.2525083612040134 0.03 0.026755852842809364
0 0.28 0.26588628762541805 0.05 0.056856187290969896
0 0.6125 0.2608695652173913 0.0375 0.033444816053511704
0 0.92875 0.2725752508361204 0.045 0.04013377926421405
0 0.42875 0.28595317725752506 0.03 0.026755852842809364
0 0.0225 0.2725752508361204 0.045 0.07692307692307693
2 0.035 0.4230769230769231 0.0625 0.17391304347826086
0 0.2275 0.2709030100334448 0.0375 0.043478260869565216
0 0.9775 0.2809364548494983 0.03 0.043478260869565216
2 0.40125 0.3979933110367893 0.0575 0.12709030100334448
0 0.30625 0.2709030100334448 0.0325 0.046822742474916385
0 0.5275 0.3110367892976589 0.0725 0.07692307692307693
0 0.46125 0.27759197324414714 0.03 0.03678929765886288
0 0.47875 0.2909698996655518 0.0275 0.03678929765886288
0 0.67875 0.2842809364548495 0.03 0.043478260869565216
2 0.15625 0.3963210702341137 0.0775 0.15384615384615385
2 0.26375 0.39464882943143814 0.09 0.15719063545150502
2 0.33875 0.391304347826087 0.065 0.13043478260869565
2 0.79875 0.40468227424749165 0.0975 0.19732441471571907
2 0.7225 0.3712374581939799 0.065 0.12040133779264214
2 0.57 0.4531772575250836 0.1025 0.18394648829431437
2 0.6225 0.36454849498327757 0.0575 0.11371237458193979
2 0.4825 0.391304347826087 0.065 0.14046822742474915
2 0.09 0.40468227424749165 0.0575 0.1605351170568562
2 0.87625 0.3896321070234114 0.045 0.13377926421404682