2 0.604882459312839 0.547887323943662 0.10849909584086799 0.2
2 0.10940325497287523 0.6704225352112676 0.12477396021699819 0.23098591549295774
2 0.30018083182640143 0.5704225352112676 0.09584086799276673 0.15211267605633802
0 0.28119349005424954 0.4211267605633803 0.06329113924050633 0.0676056338028169
2 0.7802893309222423 0.4943661971830986 0.06871609403254973 0.14929577464788732
0 0.6094032549728752 0.36338028169014086 0.059674502712477394 0.061971830985915494
0 0.7495479204339964 0.36338028169014086 0.05063291139240506 0.061971830985915494
0 0.08499095840867993 0.4887323943661972 0.07233273056057866 0.08169014084507042
1 0.9529837251356239 0.352112676056338 0.06329113924050633 0.11830985915492957
1 0.3896925858951175 0.49577464788732395 0.0650994575045208 0.11830985915492957
2 0.969258589511754 0.5197183098591549 0.06148282097649186 0.23943661971830985
2 0.3896925858951175 0.6183098591549295 0.07775768535262206 0.16901408450704225