2 0.6001989150090417 0.5667042253521127 0.09482820976491863 0.18216901408450706
2 0.09851717902350814 0.5955774647887324 0.108625678119349 0.2110704225352113
2 0.2962567811934901 0.532 0.08625678119349006 0.138056338028169
0 0.2885533453887884 0.38011267605633803 0.05893309222423147 0.0563943661971831
2 0.7782820976491862 0.5472676056338028 0.05855334538878843 0.13808450704225353
0 0.6194936708860759 0.38492957746478873 0.055388788426763105 0.0523943661971831
0 0.7581916817359855 0.41211267605633806 0.04739602169981917 0.0543661971830986
0 0.08857142857142856 0.41016901408450707 0.06701627486437614 0.06847887323943662
1 0.9609403254972875 0.4385070422535211 0.056003616636528024 0.10743661971830987
1 0.3910488245931284 0.47464788732394364 0.056962025316455694 0.10704225352112676
2 0.9710669077757685 0.6098591549295774 0.05786618444846293 0.23098591549295774
2 0.38155515370705245 0.5971830985915493 0.0650994575045208 0.15774647887323945