3 0.73359375 0.6492890995260664 0.15 0.2938388625592417
2 0.925 0.7203791469194313 0.134375 0.22985781990521326
0 0.39921875 0.3187203791469194 0.078125 0.09004739336492891
0 0.44921875 0.4324644549763033 0.034375 0.04028436018957346
0 0.17734375 0.26303317535545023 0.09375 0.1066350710900474
0 0.9578125 0.518957345971564 0.059375 0.061611374407582936
0 0.71953125 0.4099526066350711 0.078125 0.0995260663507109
3 0.11328125 0.4597156398104265 0.1515625 0.27014218009478674
0 0.51171875 0.3767772511848341 0.071875 0.0995260663507109
2 0.4984375 0.6066350710900474 0.1578125 0.2772511848341232
2 0.35 0.5319905213270142 0.1421875 0.2725118483412322
1 0.27421875 0.4253554502369668 0.065625 0.11374407582938388