0 0.0293 0.4525225225225225 0.03772 0.04513513513513513
0 0.77854 0.44648648648648653 0.03014 0.022792792792792792
0 0.40904 0.5277477477477478 0.027780000000000003 0.044684684684684686
0 0.28088 0.48111111111111116 0.05536 0.04780780780780781
0 0.42636 0.4832132132132132 0.02546 0.03003003003003003
0 0.26182 0.44429429429429423 0.03454 0.039579579579579575
0 0.62454 0.4490990990990991 0.04 0.046396396396396394
3 0.7908999999999999 0.5500900900900901 0.06182 0.1364864864864865
3 0.60136 0.5446246246246247 0.04818 0.11465465465465466
3 0.29318 0.6067567567567568 0.07182 0.1487987987987988
3 0.06272 0.5446246246246247 0.07454000000000001 0.12285285285285284