2 0.45416666666666666 0.5639658848614072 0.03833333333333333 0.06396588486140725
3 0.31083333333333335 0.7313432835820896 0.12 0.2302771855010661
0 0.26916666666666667 0.5628997867803838 0.07666666666666666 0.08102345415778252
0 0.11583333333333333 0.6183368869936035 0.03166666666666667 0.02771855010660981
2 0.555 0.5597014925373134 0.04666666666666667 0.07462686567164178
0 0.04083333333333333 0.6321961620469083 0.025 0.021321961620469083
2 0.125 0.6727078891257996 0.04666666666666667 0.07249466950959488
1 0.5433333333333333 0.5138592750533049 0.03166666666666667 0.04477611940298507
1 0.4525 0.5202558635394456 0.016666666666666666 0.021321961620469083
1 0.33 0.5639658848614072 0.021666666666666667 0.029850746268656716
1 0.485 0.5213219616204691 0.023333333333333334 0.03411513859275053
1 0.5175 0.5415778251599147 0.02 0.02771855010660981
2 0.49 0.55863539445629 0.03333333333333333 0.053304904051172705
2 0.525 0.5778251599147122 0.03666666666666667 0.06396588486140725
2 0.33666666666666667 0.6023454157782516 0.03333333333333333 0.053304904051172705