0 0.7954000000000001 0.25528428093645483 0.07005 0.07364548494983278
0 0.106425 0.2440133779264214 0.052275 0.05598662207357859
0 0.175475 0.2308695652173913 0.051050000000000005 0.05244147157190635
0 0.72155 0.28451505016722406 0.036074999999999996 0.030635451505016724
0 0.400675 0.2854849498327759 0.0358 0.034314381270903006
0 0.881625 0.2837792642140468 0.050949999999999995 0.03839464882943144
0 0.58735 0.2637458193979933 0.034525 0.030133779264214046
0 0.3776 0.25749163879598663 0.035750000000000004 0.03745819397993311
0 0.502275 0.25237458193979934 0.028025 0.02354515050167224
0 0.289375 0.25010033444816054 0.047400000000000005 0.05421404682274248
0 0.62215 0.26872909698996655 0.037475 0.03217391304347826
0 0.9375749999999999 0.30327759197324416 0.042625 0.03645484949832776
0 0.43765 0.2819397993311037 0.03 0.025819397993311035
0 0.026975 0.24033444816053512 0.05395 0.07354515050167224
2 0.039075 0.3909030100334448 0.056525 0.1699665551839465
0 0.23647500000000002 0.2513377926421405 0.037025 0.039431438127090296
0 0.9857250000000001 0.31397993311036787 0.02855 0.04053511705685618
2 0.40475 0.39177257525083614 0.05355000000000001 0.12220735785953177
0 0.31535 0.25846153846153846 0.031375 0.04494983277591973
0 0.5354249999999999 0.3128428093645485 0.06875 0.07384615384615384
0 0.4703 0.27591973244147155 0.028125 0.033444816053511704
0 0.48645000000000005 0.28986622073578594 0.025 0.036220735785953175
0 0.686975 0.2975250836120401 0.028125 0.04321070234113712
2 0.160925 0.3720735785953177 0.071875 0.1477257525083612
2 0.26875 0.3783277591973244 0.083325 0.15190635451505016
2 0.343225 0.3804347826086957 0.059375 0.1254180602006689
2 0.801575 0.42501672240802674 0.090625 0.19230769230769232
2 0.7270749999999999 0.38668896321070234 0.060425000000000006 0.11565217391304347
2 0.571875 0.4577926421404682 0.095825 0.17698996655518395
2 0.627075 0.37277591973244145 0.054175 0.11010033444816054
2 0.486975 0.3908695652173913 0.059375 0.13518394648829432
2 0.09480000000000001 0.3769565217391304 0.052074999999999996 0.1574581939799331
2 0.8802 0.4166555183946488 0.039575 0.13100334448160536