2 0.204 0.7042042042042042 0.158 0.2972972972972973
2 0.395 0.7147147147147147 0.154 0.3123123123123123
2 0.802 0.5165165165165165 0.116 0.22522522522522523
2 0.647 0.6231231231231231 0.134 0.2882882882882883
0 0.617 0.38288288288288286 0.058 0.06006006006006006
0 0.758 0.34234234234234234 0.068 0.06906906906906907
0 0.696 0.37987987987987987 0.058 0.06306306306306306
0 0.169 0.46096096096096095 0.082 0.08408408408408409
0 0.496 0.4024024024024024 0.08 0.09309309309309309
0 0.361 0.4594594594594595 0.07 0.07207207207207207
2 0.059 0.7762762762762763 0.088 0.21921921921921922
0 0.015 0.5825825825825826 0.03 0.07807807807807808
2 0.723 0.581081081081081 0.098 0.24924924924924924