2 0.188 0.6396396396396397 0.134 0.27627627627627627
2 0.376 0.6906906906906907 0.13 0.29429429429429427
2 0.797 0.5795795795795796 0.098 0.21021021021021022
2 0.634 0.6531531531531531 0.112 0.2702702702702703
0 0.627 0.4084084084084084 0.054 0.04804804804804805
0 0.77 0.3978978978978979 0.064 0.057057057057057055
0 0.705 0.4219219219219219 0.054 0.05105105105105105
0 0.175 0.3918918918918919 0.078 0.06906906906906907
0 0.505 0.4024024024024024 0.074 0.07807807807807808
0 0.366 0.43093093093093093 0.066 0.06006006006006006
2 0.037 0.6816816816816816 0.07 0.21021021021021022
0 0.012 0.47897897897897895 0.024 0.07507507507507508
2 0.714 0.6261261261261262 0.078 0.24024024024024024