2 0.19521178637200737 0.6556473829201102 0.11049723756906077 0.23140495867768596
0 0.45027624309392267 0.5550964187327824 0.03130755064456722 0.03581267217630854
1 0.21915285451197053 0.5110192837465565 0.053406998158379376 0.07713498622589532
2 0.7697974217311234 0.6955922865013774 0.08287292817679558 0.16804407713498623
0 0.26427255985267034 0.5247933884297521 0.0423572744014733 0.05509641873278237
2 0.3001841620626151 0.6749311294765841 0.11049723756906077 0.2231404958677686
2 0.07826887661141804 0.6446280991735537 0.0865561694290976 0.19559228650137742
2 0.9613259668508287 0.7534435261707989 0.06629834254143646 0.25895316804407714
2 0.44659300184162065 0.6528925619834711 0.06998158379373849 0.13774104683195593
2 0.017495395948434623 0.6887052341597796 0.034990791896869246 0.13774104683195593
2 0.56353591160221 0.6735537190082644 0.06629834254143646 0.15426997245179064
2 0.6390423572744015 0.6487603305785123 0.0865561694290976 0.15977961432506887
2 0.861878453038674 0.7424242424242424 0.07734806629834254 0.162534435261708
1 0.8655616942909761 0.6363636363636364 0.03867403314917127 0.05785123966942149
1 0.643646408839779 0.5303030303030303 0.034990791896869246 0.06060606060606061
1 0.5699815837937385 0.5743801652892562 0.03867403314917127 0.05234159779614325
1 0.39042357274401474 0.5303030303030303 0.034990791896869246 0.06336088154269973
1 0.31123388581952116 0.5192837465564738 0.0423572744014733 0.06611570247933884
1 0.14917127071823205 0.48622589531680444 0.03683241252302026 0.05234159779614325
1 0.072744014732965 0.5179063360881543 0.03867403314917127 0.05234159779614325
1 0.9751381215469613 0.5771349862258953 0.04604051565377532 0.08539944903581267
1 0.9419889502762431 0.6377410468319559 0.029465930018416207 0.05509641873278237