0 0.85282 0.10228228228228228 0.14862 0.14408408408408407
0 0.80798 0.73003003003003 0.35824 0.34393393393393396
0 0.5147 0.35873873873873874 0.07434 0.05456456456456457
0 0.48466000000000004 0.7825225225225225 0.29904000000000003 0.38456456456456456
0 0.67328 0.2294894894894895 0.08716 0.06489489489489489
0 0.19558 0.7893693693693694 0.31164 0.3120720720720721
0 0.21181999999999998 0.642912912912913 0.22 0.22387387387387386
0 0.61136 0.3433033033033033 0.06636 0.06141141141141141
0 0.3291 0.3624024024024024 0.08364 0.11876876876876875
0 0.1991 0.3050750750750751 0.1 0.15696696696696696
3 0.87728 0.40948948948948954 0.21453999999999998 0.3248648648648649
3 0.67318 0.4668168168168168 0.19728 0.19384384384384384
3 0.36772000000000005 0.5343843843843844 0.1591 0.18426426426426426
3 0.11 0.4941441441441442 0.10364 0.22114114114114114
3 0.51 0.5412312312312312 0.1291 0.1406006006006006