0 0.097 0.23123123123123124 0.166 0.1891891891891892
0 0.234 0.8003003003003003 0.4 0.3993993993993994
0 0.465 0.36786786786786785 0.08 0.07807807807807808
0 0.556 0.7657657657657657 0.348 0.46846846846846846
0 0.291 0.29429429429429427 0.094 0.09309309309309309
0 0.832 0.6786786786786787 0.336 0.4084084084084084
0 0.802 0.5420420420420421 0.248 0.2912912912912913
0 0.368 0.3843843843843844 0.074 0.08108108108108109
0 0.646 0.3078078078078078 0.1 0.14414414414414414
0 0.764 0.2087087087087087 0.12 0.18618618618618618
3 0.124 0.5375375375375375 0.248 0.39039039039039036
3 0.326 0.5255255255255256 0.222 0.2552552552552553
3 0.634 0.4894894894894895 0.182 0.23423423423423423
3 0.879 0.36186186186186187 0.134 0.24924924924924924
3 0.496 0.5435435435435435 0.146 0.18018018018018017