0 0.9418386491557224 0.40375 0.03377110694183865 0.01875
0 0.6463414634146342 0.44125 0.039399624765478425 0.025
0 0.2401500938086304 0.521875 0.06566604127579738 0.035
0 0.1378986866791745 0.5375 0.0825515947467167 0.05625
0 0.3424015009380863 0.42125 0.02626641651031895 0.0175
0 0.4352720450281426 0.460625 0.028142589118198873 0.02
0 0.30393996247654786 0.44625 0.02626641651031895 0.01875
0 0.5525328330206379 0.426875 0.03564727954971857 0.02125
0 0.9549718574108818 0.550625 0.06566604127579738 0.0425
0 0.5365853658536586 0.38625 0.0300187617260788 0.02125
2 0.8433395872420263 0.59 0.1425891181988743 0.10375
2 0.1697936210131332 0.620625 0.13883677298311445 0.11875
2 0.26641651031894936 0.594375 0.058161350844277676 0.10375
2 0.6754221388367729 0.471875 0.05065666041275797 0.045
2 0.5234521575984991 0.465 0.08067542213883677 0.06375