0 0.76 0.5300546448087432 0.2381818181818182 0.2650273224043716
0 0.7154545454545455 0.226775956284153 0.18545454545454546 0.18579234972677597
0 0.8318181818181818 0.2103825136612022 0.19272727272727272 0.23224043715846995
2 0.08363636363636363 0.6980874316939891 0.16727272727272727 0.4726775956284153
0 0.9436363636363636 0.587431693989071 0.11272727272727273 0.26229508196721313
0 0.08454545454545455 0.12704918032786885 0.13090909090909092 0.24043715846994534
0 0.36727272727272725 0.11475409836065574 0.19272727272727272 0.22950819672131148
0 0.22636363636363635 0.09289617486338798 0.14363636363636365 0.1721311475409836
0 0.36 0.35792349726775957 0.16363636363636364 0.3524590163934426
2 0.24909090909090909 0.7745901639344263 0.2290909090909091 0.39617486338797814
3 0.6836363636363636 0.8415300546448088 0.3054545454545455 0.31693989071038253
1 0.19454545454545455 0.4057377049180328 0.2 0.3797814207650273