0 0.134 0.13063063063063063 0.154 0.15615615615615616
0 0.2 0.7537537537537538 0.37 0.37237237237237236
0 0.48 0.36036036036036034 0.076 0.06006006006006006
0 0.525 0.7807807807807807 0.312 0.4084084084084084
0 0.318 0.24324324324324326 0.09 0.07207207207207207
0 0.814 0.7657657657657657 0.322 0.33633633633633636
0 0.793 0.6201201201201201 0.228 0.24024024024024024
0 0.383 0.35285285285285284 0.068 0.06606606606606606
0 0.666 0.34984984984984985 0.088 0.12612612612612611
0 0.794 0.2822822822822823 0.106 0.16516516516516516
3 0.12 0.43993993993993996 0.226 0.34234234234234234
3 0.326 0.4804804804804805 0.204 0.21021021021021022
3 0.633 0.524024024024024 0.166 0.19519519519519518
3 0.889 0.46396396396396394 0.112 0.22822822822822822
3 0.491 0.5420420420420421 0.134 0.15015015015015015