0 0.25 0.3879781420765027 0.2509090909090909 0.3005464480874317
0 0.36363636363636365 0.12978142076502733 0.19454545454545455 0.21311475409836064
0 0.2581818181818182 0.09016393442622951 0.20363636363636364 0.18032786885245902
2 0.8581818181818182 0.8360655737704918 0.23636363636363636 0.32786885245901637
0 0.06454545454545454 0.33879781420765026 0.1290909090909091 0.273224043715847
0 0.9518181818181818 0.3743169398907104 0.09636363636363636 0.2568306010928962
0 0.7172727272727273 0.20355191256830601 0.20727272727272728 0.27595628415300544
0 0.8527272727272728 0.26639344262295084 0.15272727272727274 0.1912568306010929
0 0.6645454545454546 0.44398907103825136 0.18727272727272729 0.37158469945355194
2 0.6672727272727272 0.8401639344262295 0.2545454545454545 0.319672131147541
3 0.2390909090909091 0.7472677595628415 0.32545454545454544 0.4207650273224044
1 0.8072727272727273 0.5765027322404371 0.22545454545454546 0.40437158469945356