0 0.06377110694183866 0.3934625 0.03208255159474672 0.018425
0 0.3567917448405253 0.43786250000000004 0.03823639774859287 0.024325
0 0.7587804878048781 0.5277499999999999 0.06339587242026266 0.0331875
0 0.8594559099437148 0.5461375 0.07885553470919325 0.054474999999999996
0 0.6618386491557223 0.42487499999999995 0.026285178236397748 0.0173375
0 0.5670919324577861 0.46235 0.02724202626641651 0.019
0 0.6983677298311445 0.4507 0.024953095684803004 0.0183375
0 0.45090056285178237 0.42541249999999997 0.0351031894934334 0.019925
0 0.0425328330206379 0.5402125 0.06326454033771106 0.0407625
0 0.46904315196998125 0.3854125 0.029193245778611633 0.020837500000000002
2 0.15217636022514072 0.58195 0.1375797373358349 0.1
2 0.8234333958724203 0.628475 0.13341463414634147 0.115275
2 0.7285741088180112 0.6 0.052120075046904316 0.102775
2 0.3262476547842401 0.46805 0.04795497185741088 0.04445
2 0.47842401500938087 0.46458750000000004 0.07712945590994372 0.0625