0 0.969 0.42792792792792794 0.038 0.04804804804804805
0 0.22 0.46096096096096095 0.03 0.024024024024024024
0 0.592 0.5225225225225225 0.028 0.04504504504504504
0 0.719 0.46996996996997 0.056 0.05105105105105105
0 0.573 0.47897897897897895 0.026 0.03003003003003003
0 0.737 0.43243243243243246 0.036 0.042042042042042045
0 0.374 0.45495495495495497 0.042 0.04804804804804805
3 0.21 0.5645645645645646 0.064 0.14114114114114115
3 0.4 0.5495495495495496 0.05 0.11711711711711711
3 0.709 0.5960960960960962 0.076 0.15315315315315314
3 0.938 0.521021021021021 0.078 0.12612612612612611