3 0.25353125 0.5918957345971564 0.12451562499999999 0.26874407582938387
2 0.057203125 0.6167772511848341 0.11440625 0.204218009478673
0 0.618390625 0.3446208530805687 0.07065625 0.07362559241706161
0 0.55740625 0.4453317535545024 0.032078125 0.03327014218009478
0 0.842875 0.34210900473933653 0.08592187500000001 0.08744075829383886
0 0.04578125 0.4103791469194313 0.055609375 0.048672985781990516
0 0.292515625 0.3594549763033175 0.0708125 0.08395734597156398
3 0.88628125 0.5524881516587677 0.1276875 0.24331753554502372
0 0.501390625 0.3750473933649289 0.06428125 0.08443127962085309
2 0.490640625 0.6051658767772512 0.13346875 0.24808056872037915
2 0.64521875 0.5673222748815165 0.11764062500000001 0.24812796208530805
1 0.730703125 0.4802132701421801 0.055140625 0.10175355450236967