2 0.2358714285714286 0.662901878914405 0.06627142857142858 0.13906054279749477
2 0.6032714285714286 0.6832567849686847 0.081 0.17035490605427975
2 0.4833142857142857 0.6888517745302714 0.07777142857142857 0.1436743215031315
0 0.14075714285714286 0.56321503131524 0.045014285714285715 0.03546972860125261
2 0.16924285714285714 0.6812943632567849 0.052642857142857144 0.1344885177453027
0 0.6470571428571429 0.5257620041753653 0.03802857142857143 0.03459290187891441
0 0.42634285714285713 0.5395407098121086 0.03905714285714286 0.03530271398747391
0 0.054271428571428575 0.5330062630480167 0.03674285714285714 0.03354906054279749
0 0.5825285714285714 0.5300208768267223 0.038785714285714284 0.036680584551148226
0 0.49542857142857144 0.5427139874739039 0.03332857142857142 0.0346972860125261
2 0.03857142857142857 0.6334237995824635 0.051571428571428574 0.13027139874739038
0 0.7119285714285715 0.5244050104384134 0.037885714285714286 0.03421711899791232
1 0.22667142857142855 0.5671607515657621 0.03428571428571429 0.04870563674321503
1 0.2238142857142857 0.5260960334029228 0.026671428571428575 0.03897703549060543
1 0.30667142857142854 0.5588100208768267 0.03428571428571429 0.04592901878914405
1 0.3338142857142857 0.5553235908141962 0.025714285714285714 0.05010438413361169
1 0.3866714285714286 0.5539248434237996 0.04 0.05567849686847599
1 0.9661857142857143 0.5260960334029228 0.03142857142857143 0.05288100208768267
2 0.7157142857142857 0.6339665970772443 0.04667142857142857 0.14056367432150313
2 0.9742857142857143 0.6207306889352818 0.05142857142857143 0.1280375782881002
2 0.12428571428571429 0.6659707724425887 0.03904285714285714 0.1544885177453027
1 0.1719 0.5817745302713988 0.029528571428571432 0.04175365344467641