2 0.7948987108655616 0.695206611570248 0.09843462246777164 0.21878787878787878
0 0.5461878453038673 0.5614600550964187 0.029189686924493554 0.03118457300275482
1 0.7787661141804788 0.5481542699724518 0.04900552486187845 0.071900826446281
2 0.21953959484346225 0.6591184573002754 0.07318600368324125 0.15991735537190083
0 0.7335911602209945 0.5557851239669421 0.04001841620626151 0.050137741046831955
2 0.6886740331491713 0.6998347107438017 0.09850828729281769 0.21132231404958676
2 0.9120994475138121 0.6994765840220386 0.0763720073664825 0.18738292011019284
2 0.025432780847145488 0.6927823691460054 0.05084714548802947 0.2543250688705234
2 0.544696132596685 0.6589256198347108 0.06265193370165746 0.13132231404958677
2 0.9755985267034991 0.7520661157024794 0.03959484346224678 0.1322314049586777
2 0.4263351749539595 0.6639118457300276 0.0570902394106814 0.14600550964187328
2 0.35313075506445674 0.6301652892561983 0.07826887661141804 0.15013774104683195
2 0.1252302025782689 0.6942148760330579 0.06813996316758748 0.15426997245179064
1 0.12753222836095765 0.5881542699724518 0.03591160220994475 0.05234159779614325
1 0.35543278084714547 0.5110192837465565 0.03130755064456722 0.05785123966942149
1 0.4258747697974217 0.5647382920110193 0.03591160220994475 0.046831955922865015
1 0.6077348066298343 0.5447658402203857 0.03130755064456722 0.05922865013774105
1 0.68646408839779 0.5440771349862259 0.03959484346224678 0.06060606060606061
1 0.8499079189686924 0.5323691460055097 0.034990791896869246 0.048209366391184574
1 0.9244935543278084 0.5730027548209367 0.03683241252302026 0.046831955922865015
1 0.02255985267034991 0.5151515151515151 0.04143646408839779 0.07988980716253444
1 0.05202578268876611 0.5792011019283747 0.026703499079189688 0.05096418732782369