0 0.7605454545454545 0.4819945355191257 0.22081818181818183 0.22685792349726777
0 0.6919636363636363 0.18986338797814206 0.1741818181818182 0.15508196721311474
0 0.8056545454545455 0.15163934426229508 0.17739999999999997 0.20109289617486337
2 0.08494545454545455 0.776912568306011 0.1698909090909091 0.4461748633879782
0 0.9504545454545454 0.5046174863387978 0.09909090909090909 0.24489071038251364
0 0.05712727272727273 0.20590163934426228 0.11425454545454546 0.22117486338797815
0 0.3368181818181818 0.13319672131147542 0.17727272727272728 0.21721311475409835
0 0.195 0.14549180327868852 0.1318181818181818 0.1489071038251366
0 0.34954545454545455 0.38524590163934425 0.13727272727272727 0.33060109289617484
2 0.2736363636363636 0.8189890710382514 0.2018181818181818 0.3620218579234973
3 0.7136363636363636 0.8353825136612022 0.28 0.3292349726775956
1 0.18954545454545454 0.462431693989071 0.17363636363636364 0.3510928961748634