2 0.214548802946593 0.7258953168044077 0.10865561694290976 0.22865013774104684
0 0.4567219152854512 0.5661157024793388 0.03130755064456722 0.03305785123966942
1 0.22375690607734808 0.5771349862258953 0.05156537753222836 0.07713498622589532
2 0.787292817679558 0.6294765840220385 0.08103130755064457 0.16804407713498623
0 0.26979742173112337 0.5798898071625345 0.0423572744014733 0.05509641873278237
2 0.32136279926335176 0.71900826446281 0.10865561694290976 0.22038567493112948
2 0.09852670349907919 0.7424242424242424 0.0847145488029466 0.19559228650137742
2 0.9751381215469613 0.6418732782369146 0.049723756906077346 0.25895316804407714
2 0.4631675874769797 0.662534435261708 0.06813996316758748 0.13774104683195593
2 0.037753222836095765 0.8016528925619835 0.04604051565377532 0.1349862258953168
2 0.5810313075506446 0.6556473829201102 0.06445672191528545 0.15151515151515152
2 0.6528545119705341 0.6143250688705234 0.0847145488029466 0.15702479338842976
2 0.8830570902394107 0.6542699724517906 0.07550644567219153 0.15977961432506887
1 0.8756906077348067 0.5495867768595041 0.03867403314917127 0.05509641873278237
1 0.6445672191528545 0.49586776859504134 0.03314917127071823 0.06060606060606061
1 0.5773480662983426 0.5564738292011019 0.03867403314917127 0.049586776859504134
1 0.39502762430939226 0.5564738292011019 0.03314917127071823 0.06336088154269973
1 0.31583793738489874 0.5633608815426997 0.0423572744014733 0.06336088154269973
1 0.15285451197053407 0.568870523415978 0.03683241252302026 0.05234159779614325
1 0.08011049723756906 0.6170798898071626 0.03867403314917127 0.049586776859504134
1 0.9769797421731123 0.465564738292011 0.04419889502762431 0.08264462809917356
1 0.9502762430939227 0.5316804407713499 0.029465930018416207 0.05234159779614325