2 0.4104882459312839 0.5971830985915493 0.11754068716094032 0.2084507042253521
2 0.9050632911392406 0.46338028169014084 0.13381555153707053 0.24225352112676057
2 0.7034358047016275 0.4647887323943662 0.10307414104882459 0.16338028169014085
0 0.6907775768535263 0.31408450704225355 0.0650994575045208 0.07323943661971831
2 0.23417721518987342 0.6366197183098592 0.0759493670886076 0.15492957746478872
0 0.3679927667269439 0.4267605633802817 0.06148282097649186 0.07042253521126761
0 0.2359855334538879 0.4971830985915493 0.054249547920433995 0.0676056338028169
0 0.8905967450271248 0.27887323943661974 0.07414104882459313 0.08732394366197183
1 0.0406871609403255 0.5887323943661972 0.06871609403254973 0.12394366197183099
1 0.6030741410488246 0.4394366197183099 0.0705244122965642 0.12394366197183099
2 0.054249547920433995 0.7605633802816901 0.0867992766726944 0.24507042253521127
2 0.6283905967450272 0.5563380281690141 0.08499095840867993 0.17464788732394365