2 0.8162999999999999 0.6154954954954955 0.12566 0.26705705705705707
2 0.63046 0.6808708708708708 0.12064 0.2842042042042042
2 0.2059 0.6024924924924925 0.09154000000000001 0.20390390390390392
2 0.37162 0.663033033033033 0.10212 0.2624324324324324
0 0.37044 0.4184984984984985 0.053219999999999996 0.045015015015015016
0 0.2271 0.4192192192192192 0.06324 0.052732732732732726
0 0.29236 0.4375075075075075 0.05278 0.04825825825825826
0 0.82036 0.3668168168168168 0.0751 0.06402402402402403
0 0.49169999999999997 0.40324324324324323 0.0715 0.07306306306306305
0 0.6309400000000001 0.42105105105105106 0.06398 0.05570570570570571
2 0.96842 0.6444744744744745 0.06314 0.2057057057057057
0 0.98748 0.44255255255255255 0.02504 0.0718018018018018
2 0.2909 0.642912912912913 0.0691 0.2347747747747748