0 0.8893058161350844 0.330625 0.0375234521575985 0.0225
0 0.6181988742964353 0.418125 0.0450281425891182 0.03
0 0.2570356472795497 0.565625 0.07317073170731707 0.04125
0 0.1651031894934334 0.59875 0.09568480300187618 0.065
0 0.3170731707317073 0.45125 0.03189493433395872 0.02125
0 0.42213883677298314 0.473125 0.03377110694183865 0.0225
0 0.2898686679174484 0.481875 0.0300187617260788 0.02125
0 0.5225140712945591 0.42 0.04127579737335835 0.025
0 0.9596622889305816 0.470625 0.075046904315197 0.04875
0 0.4915572232645403 0.38375 0.03564727954971857 0.025
2 0.8667917448405253 0.5275 0.1669793621013133 0.1175
2 0.22795497185741087 0.67375 0.16885553470919323 0.1325
2 0.31144465290806755 0.631875 0.08630393996247655 0.1075
2 0.6585365853658537 0.443125 0.06191369606003752 0.05
2 0.5093808630393997 0.4625 0.09568480300187618 0.0725