2 0.4446833333333333 0.5505330490405117 0.030116666666666667 0.056716417910447764
3 0.2777833333333333 0.675863539445629 0.08803333333333334 0.2116631130063966
0 0.26375 0.5000426439232409 0.0674 0.06454157782515992
0 0.10508333333333333 0.5133262260127932 0.029233333333333333 0.019466950959488274
2 0.5439166666666667 0.5735181236673774 0.03671666666666667 0.0664818763326226
0 0.029266666666666663 0.5072707889125799 0.023516666666666665 0.016226012793176973
2 0.1053 0.5688699360341152 0.03625 0.06518123667377398
1 0.5403333333333333 0.5250959488272922 0.025933333333333333 0.03782515991471215
1 0.45 0.5067590618336887 0.013333333333333334 0.018486140724946695
1 0.3233333333333333 0.5174200426439232 0.01778333333333333 0.0255863539445629
1 0.4816666666666667 0.5166950959488273 0.018883333333333332 0.029850746268656716
1 0.51055 0.5458422174840085 0.016666666666666666 0.02275053304904051
2 0.48055 0.5550746268656717 0.02555 0.046908315565031986
2 0.5122166666666667 0.5827931769722814 0.02888333333333333 0.05686567164179105
2 0.3233333333333333 0.5565031982942431 0.02666666666666667 0.046908315565031986