3 0.25546875 0.6054502369668247 0.13125 0.27488151658767773
2 0.06015625 0.6398104265402843 0.11875 0.2109004739336493
0 0.61484375 0.33886255924170616 0.071875 0.07819905213270142
0 0.55625 0.4419431279620853 0.0328125 0.035545023696682464
0 0.8390625 0.3246445497630332 0.0875 0.0924170616113744
0 0.04375 0.43483412322274884 0.05625 0.052132701421800945
0 0.2890625 0.3708530805687204 0.0734375 0.08767772511848342
3 0.8875 0.5319905213270142 0.1328125 0.24881516587677724
0 0.4984375 0.3755924170616114 0.065625 0.08767772511848342
2 0.49296875 0.6054502369668247 0.1390625 0.2559241706161137
2 0.646875 0.5592417061611374 0.1234375 0.25355450236966826
1 0.73046875 0.46800947867298576 0.0578125 0.10426540284360189