2 0.265 0.7400835073068893 0.08428571428571428 0.15657620041753653
2 0.6271428571428571 0.6482254697286013 0.10285714285714286 0.19206680584551147
2 0.5107142857142857 0.6899791231732777 0.09714285714285714 0.1649269311064718
0 0.15785714285714286 0.6711899791231732 0.04857142857142857 0.04801670146137787
2 0.20214285714285715 0.7776617954070981 0.07 0.14822546972860126
0 0.6478571428571429 0.4801670146137787 0.041428571428571426 0.04592901878914405
0 0.43357142857142855 0.5605427974947808 0.04285714285714286 0.04592901878914405
0 0.06857142857142857 0.6680584551148225 0.04 0.04384133611691023
0 0.585 0.5041753653444676 0.04285714285714286 0.04801670146137787
0 0.5014285714285714 0.5427974947807933 0.037142857142857144 0.04384133611691023
2 0.06785714285714285 0.7703549060542797 0.06857142857142857 0.1440501043841336
0 0.7107142857142857 0.4592901878914405 0.041428571428571426 0.04592901878914405
1 0.24214285714285713 0.6482254697286013 0.04 0.05845511482254697
1 0.23357142857142857 0.6096033402922756 0.03142857142857143 0.04592901878914405
1 0.3192857142857143 0.615866388308977 0.04 0.05636743215031315
1 0.345 0.6043841336116911 0.032857142857142856 0.05636743215031315
1 0.39714285714285713 0.5876826722338204 0.047142857142857146 0.06680584551148225
1 0.96 0.38413361169102295 0.03857142857142857 0.060542797494780795
2 0.73 0.5657620041753654 0.06571428571428571 0.1524008350730689
2 0.9735714285714285 0.47286012526096033 0.05285714285714286 0.13987473903966596
2 0.15642857142857142 0.7766179540709812 0.06 0.162839248434238
1 0.19071428571428573 0.6795407098121086 0.03428571428571429 0.05010438413361169