0 0.195 0.27591973244147155 0.0725 0.07692307692307693
0 0.8825 0.21739130434782608 0.055 0.06020066889632107
0 0.81375 0.20903010033444816 0.0525 0.056856187290969896
0 0.27 0.3010033444816054 0.0375 0.033444816053511704
0 0.59125 0.2792642140468227 0.0375 0.03678929765886288
0 0.11 0.3110367892976589 0.0525 0.043478260869565216
0 0.40375 0.2709030100334448 0.035 0.033444816053511704
0 0.6125 0.2491638795986622 0.0375 0.04013377926421405
0 0.4875 0.2525083612040134 0.03 0.026755852842809364
0 0.7 0.23578595317725753 0.05 0.056856187290969896
0 0.36875 0.27759197324414714 0.0375 0.033444816053511704
0 0.055 0.33444816053511706 0.045 0.04013377926421405
0 0.55375 0.27759197324414714 0.03 0.026755852842809364
0 0.9625 0.20735785953177258 0.0575 0.07692307692307693
2 0.95625 0.3595317725752508 0.0625 0.17391304347826086
0 0.75375 0.23244147157190637 0.0375 0.043478260869565216
0 0.01125 0.34615384615384615 0.0225 0.043478260869565216
2 0.59125 0.38461538461538464 0.0575 0.12709030100334448
0 0.675 0.24581939799331104 0.0325 0.046822742474916385
0 0.4575 0.31605351170568563 0.0725 0.07692307692307693
0 0.52125 0.27424749163879597 0.03 0.03678929765886288
0 0.505 0.28929765886287623 0.0275 0.03678929765886288
0 0.305 0.3110367892976589 0.03 0.043478260869565216
2 0.83375 0.34782608695652173 0.0775 0.15384615384615385
2 0.72625 0.362876254180602 0.09 0.15719063545150502
2 0.6525 0.3695652173913043 0.065 0.13043478260869565
2 0.19625 0.44648829431438125 0.0975 0.19732441471571907
2 0.26875 0.40301003344481606 0.065 0.12040133779264214
2 0.42625 0.46321070234113715 0.1025 0.18394648829431437
2 0.3675 0.38127090301003347 0.0575 0.11371237458193979
2 0.50875 0.3896321070234114 0.065 0.14046822742474915
2 0.9 0.3494983277591973 0.0575 0.1605351170568562
2 0.1175 0.4431438127090301 0.045 0.13377926421404682