0 0.13333333333333333 0.6040100250626567 0.11833333333333333 0.14786967418546365
0 0.7016666666666667 0.7343358395989975 0.028333333333333332 0.03258145363408521
0 0.5633333333333334 0.7218045112781954 0.043333333333333335 0.05513784461152882
0 0.8158333333333333 0.7167919799498746 0.051666666666666666 0.05263157894736842
0 0.6216666666666667 0.7205513784461153 0.03333333333333333 0.040100250626566414
2 0.7025 0.818295739348371 0.065 0.11278195488721804
0 0.9166666666666666 0.7481203007518797 0.03166666666666667 0.03508771929824561
2 0.9075 0.8308270676691729 0.058333333333333334 0.11779448621553884
0 0.44666666666666666 0.34962406015037595 0.41833333333333333 0.40601503759398494
0 0.97 0.7543859649122807 0.035 0.045112781954887216
2 0.9675 0.8458646616541353 0.035 0.12030075187969924
2 0.6608333333333334 0.7957393483709273 0.045 0.09273182957393483
2 0.10583333333333333 0.8471177944862155 0.21166666666666667 0.23057644110275688
0 0.8658333333333333 0.7393483709273183 0.02666666666666667 0.02756892230576441
2 0.805 0.8421052631578947 0.06666666666666667 0.14035087719298245
0 0.74 0.7142857142857143 0.04 0.05012531328320802
2 0.6175 0.8020050125313283 0.041666666666666664 0.08020050125313283
2 0.5708333333333333 0.8245614035087719 0.055 0.09774436090225563
1 0.6608333333333334 0.7268170426065163 0.021666666666666667 0.042606516290726815
0 0.18916666666666668 0.6854636591478697 0.03833333333333333 0.06015037593984962
0 0.2175 0.6766917293233082 0.03166666666666667 0.05012531328320802
0 0.2425 0.681704260651629 0.025 0.040100250626566414
0 0.26916666666666667 0.6879699248120301 0.03666666666666667 0.05764411027568922