0 0.5188232421875 0.324358407079646 0.1051416015625 0.1313495575221239
3 0.2334375 0.5432669616519173 0.1084375 0.2791961651917404
0 0.25716796875 0.3100589970501475 0.0725830078125 0.08101769911504425
3 0.1753662109375 0.7265117994100295 0.110439453125 0.12317109144542773
0 0.0142041015625 0.4172418879056047 0.0284033203125 0.05613569321533923
2 0.343330078125 0.5738053097345133 0.0876123046875 0.27289823008849556
0 0.371689453125 0.3413274336283186 0.079111328125 0.08105457227138643
0 0.365234375 0.9133997050147492 0.134013671875 0.16597345132743363
0 0.0960205078125 0.6885103244837758 0.0851513671875 0.11537610619469026
0 0.734375 0.3473451327433628 0.0859375 0.14896755162241887
0 0.95361328125 0.5523598820058997 0.0927734375 0.16666666666666666
0 0.68310546875 0.3554572271386431 0.0595703125 0.12979351032448377
2 0.58056640625 0.49262536873156343 0.1064453125 0.14454277286135694
3 0.0244140625 0.6238938053097345 0.048828125 0.24778761061946902
3 0.1749462890625 0.9106637168141593 0.188203125 0.17867994100294984