0 0.241 0.1686746987951807 0.158 0.1746987951807229
0 0.109 0.3102409638554217 0.218 0.23493975903614459
2 0.115 0.7801204819277109 0.222 0.4397590361445783
0 0.4 0.15813253012048192 0.05 0.05421686746987952
2 0.818 0.5105421686746988 0.306 0.5120481927710844
0 0.503 0.2816265060240964 0.042 0.06927710843373494
0 0.006 0.2680722891566265 0.012 0.10240963855421686
2 0.28 0.572289156626506 0.186 0.4789156626506024
0 0.425 0.2816265060240964 0.086 0.11746987951807229
0 0.326 0.22439759036144577 0.05 0.07530120481927711
0 0.465 0.2469879518072289 0.044 0.05120481927710843
2 0.429 0.4578313253012048 0.108 0.14759036144578314
1 0.776 0.14156626506024098 0.188 0.28313253012048195