2 0.9007870370370371 0.4116666666666666 0.13533950617283952 0.30034979423868313
2 0.13652777777777778 0.5027366255144033 0.1046141975308642 0.2635185185185185
2 0.7443055555555556 0.46864197530864193 0.054629629629629625 0.17537037037037037
0 0.6916820987654321 0.3309670781893004 0.0450462962962963 0.03979423868312757
0 0.6343055555555556 0.34368312757201647 0.06999999999999999 0.06995884773662552
2 0.6377314814814815 0.5026131687242799 0.0651851851851852 0.20100823045267488
0 0.657854938271605 0.2966872427983539 0.05425925925925926 0.047386831275720166
0 0.49612654320987654 0.2095679012345679 0.07969135802469136 0.07261316872427984
2 0.026280864197530868 0.4683744855967078 0.052561728395061735 0.2641358024691358
0 0.8865277777777778 0.152119341563786 0.11101851851851852 0.0934156378600823
0 0.5518364197530864 0.24362139917695474 0.05592592592592593 0.05977366255144033
2 0.3617901234567901 0.4974279835390947 0.13347222222222221 0.2667901234567901
0 0.737638888888889 0.31559670781893 0.04864197530864198 0.05308641975308642
1 0.8040123456790124 0.29767489711934153 0.06686728395061728 0.11796296296296296
1 0.1527777777777778 0.3100205761316872 0.09155864197530864 0.12895061728395063
1 0.375 0.2805144032921811 0.0874537037037037 0.14952674897119342
1 0.288070987654321 0.35802469135802467 0.06584876543209876 0.09602880658436215
1 0.2309722222222222 0.3278395061728395 0.04834876543209876 0.08504115226337448
1 0.5334413580246914 0.33676954732510284 0.08128086419753086 0.12757201646090535
2 0.5370370370370371 0.5157818930041153 0.09671296296296296 0.23594650205761317
2 0.8065895061728394 0.44170781893004113 0.06584876543209876 0.1646090534979424
2 0.2690277777777778 0.5493827160493827 0.08128086419753086 0.25652263374485595
0 0.5442438271604938 0.7757201646090535 0.09464506172839506 0.10561728395061729
0 0.4691358024691358 0.7043827160493826 0.07407407407407407 0.1001440329218107