0 0.661 0.3213213213213213 0.142 0.13813813813813813
0 0.152 0.1921921921921922 0.146 0.14414414414414414
0 0.953 0.21021021021021022 0.094 0.14414414414414414
0 0.303 0.3033033033033033 0.082 0.08708708708708708
2 0.272 0.5630630630630631 0.114 0.25825825825825827
3 0.405 0.5495495495495496 0.198 0.4774774774774775
2 0.095 0.566066066066066 0.19 0.44144144144144143
0 0.761 0.2987987987987988 0.09 0.10510510510510511
0 0.478 0.1966966966966967 0.14 0.17417417417417416
2 0.784 0.6171171171171171 0.124 0.33933933933933935
2 0.921 0.6186186186186187 0.158 0.4084084084084084