0 0.3458333333333333 0.41458333333333336 0.1111111111111111 0.14166666666666666
0 0.5055555555555555 0.39791666666666664 0.06666666666666667 0.07083333333333333
0 0.6166666666666667 0.4041666666666667 0.08333333333333333 0.1
0 0.5680555555555555 0.39375 0.05277777777777778 0.06666666666666667
1 0.07222222222222222 0.5833333333333334 0.14166666666666666 0.23333333333333334
0 0.8277777777777777 0.26458333333333334 0.09166666666666666 0.125
0 0.6458333333333334 0.35833333333333334 0.05277777777777778 0.07083333333333333
2 0.6694444444444444 0.6604166666666667 0.1638888888888889 0.2875
2 0.8833333333333333 0.5479166666666667 0.2111111111111111 0.4125
2 0.24166666666666667 0.8041666666666667 0.14444444444444443 0.39166666666666666
0 0.24861111111111112 0.5479166666666667 0.08055555555555556 0.12916666666666668
0 0.2916666666666667 0.5270833333333333 0.058333333333333334 0.1
2 0.14583333333333334 0.825 0.25277777777777777 0.35