3 0.6686829652996845 0.5503256302521008 0.1043533123028391 0.22447478991596637
0 0.6692429022082019 0.38671218487394954 0.0654968454258675 0.05845588235294118
0 0.5454731861198738 0.3388970588235294 0.05097003154574132 0.056712184873949585
0 0.4907334384858044 0.3510084033613446 0.06416403785488958 0.06237394957983194
3 0.4830205047318612 0.5402310924369748 0.09781545741324921 0.2114810924369748
0 0.5814826498422714 0.37035714285714283 0.04610410094637224 0.04931722689075631
0 0.28884069400630913 0.38471638655462187 0.04140378548895899 0.06827731092436974
0 0.19223186119873817 0.5219327731092437 0.0473186119873817 0.05383403361344538
3 0.10055205047318612 0.5245588235294117 0.09660883280757097 0.08534663865546219
3 0.20258675078864352 0.612531512605042 0.07985015772870663 0.08272058823529412
3 0.5757097791798107 0.495672268907563 0.045347003154574135 0.14311974789915966