2 0.5263636363636364 0.4856020942408377 0.0890909090909091 0.14659685863874344
3 0.7072727272727273 0.4895287958115183 0.10363636363636364 0.17015706806282724
3 0.24909090909090909 0.5824607329842932 0.09636363636363636 0.1806282722513089
0 0.79 0.27356020942408377 0.07272727272727272 0.06282722513089005
0 0.6881818181818182 0.331151832460733 0.05272727272727273 0.0549738219895288
0 0.25272727272727274 0.4424083769633508 0.04363636363636364 0.034031413612565446
0 0.40545454545454546 0.43586387434554974 0.04727272727272727 0.04450261780104712
0 0.30272727272727273 0.4489528795811518 0.03636363636363636 0.031413612565445025
3 0.8309090909090909 0.46335078534031415 0.13454545454545455 0.22251308900523561
0 0.5209090909090909 0.3494764397905759 0.05454545454545454 0.05235602094240838
0 0.61 0.3913612565445026 0.04909090909090909 0.04712041884816754
0 0.48545454545454547 0.4096858638743455 0.034545454545454546 0.03664921465968586
0 0.35545454545454547 0.4568062827225131 0.038181818181818185 0.04450261780104712
3 0.6190909090909091 0.5261780104712042 0.08363636363636363 0.16230366492146597
3 0.41 0.5484293193717278 0.07818181818181819 0.14397905759162305