2 0.34681666666666666 0.7888029925187032 0.07216666666666666 0.18443890274314212
0 0.30888333333333334 0.6699501246882792 0.0464 0.05391521197007482
0 0.36943333333333334 0.6644887780548628 0.04516666666666667 0.06458852867830424
0 0.3258333333333333 0.42294264339152116 0.0229 0.022418952618453867
0 0.039450000000000006 0.5738902743142145 0.04298333333333333 0.055885286783042394
0 0.4908166666666667 0.37942643391521197 0.020666666666666667 0.027655860349127183
0 0.7884833333333333 0.1269077306733167 0.07381666666666667 0.06324189526184539
0 0.13666666666666666 0.5232917705735661 0.03465 0.04546134663341646
0 0.66525 0.09877805486284288 0.09866666666666667 0.0901995012468828
2 0.6926 0.4135411471321696 0.1074 0.3338902743142144
0 0.4134333333333333 0.5645635910224439 0.02685 0.04294264339152119
0 0.3703666666666667 0.538927680798005 0.027783333333333337 0.041571072319202
0 0.4125 0.4772817955112219 0.025 0.03740648379052369
0 0.19583333333333333 0.5292269326683292 0.0287 0.033241895261845386
0 0.26713333333333333 0.4821197007481297 0.0213 0.022169576059850375
0 0.3338 0.3837655860349127 0.0176 0.033241895261845386
0 0.07593333333333334 0.7765336658354114 0.05 0.06511221945137156