0 0.553 0.10026737967914438 0.166 0.17647058823529413
2 0.131 0.5614973262032086 0.222 0.40106951871657753
2 0.615 0.4425133689839572 0.194 0.3877005347593583
2 0.85 0.3716577540106952 0.236 0.33689839572192515
0 0.308 0.22459893048128343 0.052 0.0427807486631016
1 0.732 0.1270053475935829 0.074 0.11229946524064172
0 0.237 0.2286096256684492 0.068 0.0748663101604278
0 0.407 0.232620320855615 0.09 0.09358288770053476
1 0.12 0.2967914438502674 0.132 0.20320855614973263
1 0.834 0.13101604278074866 0.128 0.18449197860962566
2 0.282 0.4344919786096257 0.116 0.23796791443850268
2 0.354 0.38636363636363635 0.086 0.18716577540106952
2 0.725 0.29010695187165775 0.096 0.22727272727272727