2 0.31583333333333335 0.7443890274314214 0.09166666666666666 0.19950124688279303
0 0.2916666666666667 0.6172069825436409 0.051666666666666666 0.06483790523690773
0 0.3525 0.628428927680798 0.051666666666666666 0.07481296758104738
0 0.3375 0.3790523690773067 0.025 0.02743142144638404
0 0.0375 0.45261845386533667 0.04833333333333333 0.06733167082294264
0 0.505 0.3790523690773067 0.023333333333333334 0.032418952618453865
0 0.8275 0.20698254364089774 0.08 0.08229426433915212
0 0.13916666666666666 0.428927680798005 0.04 0.05486284289276808
0 0.7091666666666666 0.1483790523690773 0.10833333333333334 0.11471321695760599
2 0.7 0.46508728179551123 0.145 0.3566084788029925
0 0.4075 0.5411471321695761 0.03166666666666667 0.04987531172069826
0 0.3675 0.5049875311720698 0.03166666666666667 0.04738154613466334
0 0.4166666666666667 0.4551122194513716 0.028333333333333332 0.04239401496259352
0 0.19666666666666666 0.45012468827930174 0.03166666666666667 0.0399002493765586
0 0.2725 0.42144638403990026 0.023333333333333334 0.02743142144638404
0 0.35 0.3428927680798005 0.021666666666666667 0.03740648379052369
0 0.05 0.6620947630922693 0.056666666666666664 0.0773067331670823