0 0.36138888888888887 0.36824999999999997 0.09894444444444443 0.112625
0 0.5202777777777778 0.4014166666666667 0.06047222222222222 0.05279166666666667
0 0.6266388888888889 0.44345833333333334 0.07344444444444445 0.07975
0 0.5816111111111111 0.41658333333333336 0.04583333333333333 0.05416666666666667
1 0.07036111111111111 0.448625 0.11666666666666667 0.2
0 0.8536944444444444 0.3729166666666667 0.0796388888888889 0.10137499999999999
0 0.6629722222222222 0.40625 0.04630555555555556 0.05695833333333333
2 0.6430555555555556 0.7104166666666667 0.13241666666666668 0.251375
2 0.8685277777777778 0.6673749999999999 0.16480555555555554 0.36804166666666666
2 0.20555555555555555 0.717375 0.09444444444444444 0.37083333333333335
0 0.24675 0.46875 0.06575 0.10970833333333332
0 0.29305555555555557 0.461125 0.04722222222222222 0.088875
2 0.09813888888888889 0.7791666666666667 0.19630555555555557 0.44166666666666665