3 0.28935185185185186 0.41509433962264153 0.07037037037037037 0.15363881401617252
2 0.5953703703703703 0.3665768194070081 0.05092592592592592 0.13746630727762804
2 0.5023148148148148 0.36792452830188677 0.06111111111111111 0.12129380053908356
0 0.7143518518518519 0.42654986522911054 0.06574074074074074 0.07412398921832884
0 0.2388888888888889 0.3221024258760108 0.03796296296296296 0.03638814016172507
0 0.2912037037037037 0.2991913746630728 0.04537037037037037 0.04851752021563342
2 0.15555555555555556 0.47641509433962265 0.12777777777777777 0.27358490566037735
0 0.6851851851851852 0.5249326145552561 0.08425925925925926 0.1091644204851752
2 0.23796296296296296 0.4238544474393531 0.05092592592592592 0.12398921832884097
2 0.7287037037037037 0.6954177897574124 0.10185185185185185 0.20619946091644206
2 0.762962962962963 0.5411051212938005 0.07962962962962963 0.15498652291105122
1 0.49166666666666664 0.2890835579514825 0.03333333333333333 0.05121293800539083
1 0.5814814814814815 0.2749326145552561 0.037037037037037035 0.05929919137466307
1 0.16574074074074074 0.2816711590296496 0.07407407407407407 0.14150943396226415