0 0.035833333333333335 0.29292929292929293 0.07166666666666667 0.14646464646464646
0 0.8283333333333334 0.04040404040404041 0.08 0.08080808080808081
0 0.019166666666666665 0.3787878787878788 0.03833333333333333 0.15151515151515152
0 0.6691666666666667 0.06439393939393939 0.09333333333333334 0.10606060606060606
0 0.5408333333333334 0.20454545454545456 0.045 0.06313131313131314
0 0.10666666666666667 0.3333333333333333 0.1 0.11616161616161616
3 0.7266666666666667 0.2803030303030303 0.13166666666666665 0.2828282828282828
3 0.87 0.23737373737373738 0.12833333333333333 0.28535353535353536
3 0.49916666666666665 0.30934343434343436 0.10333333333333333 0.13636363636363635
3 0.29583333333333334 0.4595959595959596 0.095 0.2196969696969697
3 0.3625 0.37247474747474746 0.08333333333333333 0.19444444444444445
3 0.07166666666666667 0.7045454545454546 0.14333333333333334 0.3686868686868687
3 0.14 0.5454545454545454 0.11666666666666667 0.2803030303030303
3 0.06333333333333334 0.4962121212121212 0.07666666666666666 0.16161616161616163
0 0.36 0.21464646464646464 0.07166666666666667 0.09848484848484848
0 0.2825 0.2828282828282828 0.07166666666666667 0.08585858585858586
0 0.2675 0.24116161616161616 0.055 0.06060606060606061