2 0.9058641975308642 0.5061728395061729 0.1728395061728395 0.3271604938271605
2 0.1419753086419753 0.41872427983539096 0.13734567901234568 0.2839506172839506
2 0.7445987654320988 0.5257201646090535 0.07716049382716049 0.18518518518518517
0 0.7106481481481481 0.3775720164609053 0.04938271604938271 0.04938271604938271
0 0.6527777777777778 0.3775720164609053 0.0787037037037037 0.08436213991769548
2 0.6350308641975309 0.5339506172839507 0.09104938271604938 0.2139917695473251
0 0.6820987654320988 0.33641975308641975 0.06018518518518518 0.059670781893004114
0 0.5339506172839507 0.21296296296296297 0.08796296296296297 0.09053497942386832
2 0.040123456790123455 0.35802469135802467 0.08024691358024691 0.2716049382716049
0 0.9259259259259259 0.24691358024691357 0.12191358024691358 0.11728395061728394
0 0.5841049382716049 0.25925925925925924 0.06327160493827161 0.0720164609053498
2 0.36419753086419754 0.46502057613168724 0.16666666666666666 0.294238683127572
0 0.7577160493827161 0.3734567901234568 0.05555555555555555 0.06378600823045268
1 0.8256172839506173 0.3713991769547325 0.08179012345679013 0.13168724279835392
1 0.18287037037037038 0.23251028806584362 0.10648148148148148 0.14814814814814814
1 0.4058641975308642 0.2551440329218107 0.10493827160493827 0.16666666666666666
1 0.30941358024691357 0.31069958847736623 0.07716049382716049 0.10905349794238683
1 0.25771604938271603 0.26851851851851855 0.05864197530864197 0.09465020576131687
1 0.5540123456790124 0.34670781893004116 0.09722222222222222 0.1440329218106996
2 0.5347222222222222 0.5236625514403292 0.12654320987654322 0.2551440329218107
2 0.8094135802469136 0.5133744855967078 0.08641975308641975 0.17695473251028807
2 0.2662037037037037 0.4948559670781893 0.11419753086419752 0.2716049382716049
0 0.5077160493827161 0.7818930041152263 0.10648148148148148 0.12551440329218108
0 0.44290123456790126 0.6944444444444444 0.08641975308641975 0.11522633744855967