0 0.4890625 0.7593023255813953 0.1203125 0.1930232558139535
0 0.33125 0.7953488372093023 0.1140625 0.1558139534883721
0 0.95703125 0.6302325581395349 0.0859375 0.20930232558139536
0 0.40859375 0.6511627906976745 0.034375 0.05116279069767442
0 0.50859375 0.641860465116279 0.0390625 0.06279069767441861
0 0.60234375 0.6116279069767442 0.05625 0.07906976744186046
0 0.46953125 0.6290697674418605 0.0375 0.05116279069767442
0 0.7796875 0.5709302325581396 0.075 0.09534883720930233
0 0.90234375 0.4790697674418605 0.04375 0.04186046511627907
0 0.73359375 0.541860465116279 0.0375 0.03953488372093023
0 0.70546875 0.8546511627906976 0.259375 0.24651162790697675
0 0.6703125 0.5906976744186047 0.053125 0.07906976744186046
0 0.2734375 0.8988372093023256 0.25 0.20232558139534884
0 0.1953125 0.7941860465116279 0.09375 0.12790697674418605
0 0.72265625 0.5988372093023255 0.0734375 0.10232558139534884
0 0.70625 0.7058139534883721 0.140625 0.1883720930232558
0 0.35234375 0.7162790697674418 0.0640625 0.07674418604651163
0 0.1203125 0.8244186046511628 0.0828125 0.11627906976744186
0 0.97890625 0.5046511627906977 0.0421875 0.08372093023255814
0 0.546875 0.6232558139534884 0.0421875 0.05813953488372093
0 0.54921875 0.6755813953488372 0.0765625 0.09302325581395349
0 0.2921875 0.7 0.0359375 0.04883720930232558
1 0.91875 0.5453488372093023 0.096875 0.14418604651162792