2 0.47303636363636364 0.48714659685863876 0.08490909090909092 0.14054973821989528
3 0.29296363636363637 0.5050785340314136 0.09698181818181818 0.16308900523560207
3 0.7538181818181818 0.5630104712041885 0.09090909090909091 0.17450261780104712
0 0.20223636363636363 0.2952879581151832 0.07090909090909091 0.05633507853403141
0 0.30618181818181817 0.3460994764397906 0.0518 0.05065445026178011
0 0.7443818181818183 0.423717277486911 0.04187272727272728 0.030418848167539266
0 0.5922363636363637 0.42850785340314135 0.04525454545454546 0.042434554973821995
0 0.6947090909090908 0.43426701570680626 0.03518181818181818 0.029581151832460736
3 0.16821818181818182 0.4878534031413613 0.1277090909090909 0.21316753926701573
0 0.47381818181818186 0.35115183246073295 0.052436363636363635 0.04835078534031413
0 0.38663636363636367 0.39968586387434557 0.04725454545454545 0.04405759162303664
0 0.511 0.40921465968586385 0.03252727272727273 0.03306282722513089
0 0.6425818181818183 0.44641361256544504 0.03732727272727273 0.041335078534031414
3 0.38229090909090907 0.5345811518324608 0.07750909090909092 0.15706806282722513
3 0.5913818181818181 0.54217277486911 0.07272727272727272 0.13916230366492147