0 0.86375 0.355 0.22 0.21333333333333335
0 0.195 0.3566666666666667 0.13 0.10666666666666667
2 0.72375 0.6283333333333333 0.145 0.2633333333333333
0 0.02125 0.425 0.0425 0.09
0 0.455 0.31 0.12 0.10666666666666667
2 0.42625 0.61 0.125 0.38333333333333336
2 0.32375 0.6316666666666667 0.115 0.2833333333333333
1 0.3225 0.435 0.105 0.12666666666666668
1 0.525 0.42333333333333334 0.07 0.11
1 0.64875 0.39166666666666666 0.0675 0.11666666666666667
1 0.71875 0.43333333333333335 0.075 0.11333333333333333
2 0.53 0.5783333333333334 0.1175 0.22