0 0.05411666666666667 0.13214646464646465 0.10823333333333333 0.11272727272727273
0 0.8895333333333334 0.16146464646464645 0.07213333333333334 0.06522727272727272
0 0.03025 0.2126010101010101 0.06048333333333333 0.13517676767676767
0 0.7292166666666666 0.13270202020202018 0.08328333333333333 0.07881313131313132
0 0.5832166666666667 0.22616161616161617 0.03863333333333333 0.05080808080808081
0 0.14173333333333335 0.20310606060606062 0.08908333333333333 0.08689393939393938
3 0.7532333333333333 0.36265151515151517 0.09536666666666667 0.25674242424242427
3 0.8995333333333334 0.37037878787878786 0.09166666666666666 0.2609343434343434
3 0.5277833333333334 0.31356060606060604 0.08888333333333333 0.10803030303030303
3 0.30695 0.3907070707070707 0.06573333333333332 0.20343434343434344
3 0.3847166666666667 0.328989898989899 0.058333333333333334 0.1781818181818182
3 0.05093333333333333 0.5527525252525253 0.09815 0.3451262626262626
3 0.1426 0.42227272727272724 0.07963333333333333 0.2609343434343434
3 0.075 0.3472222222222222 0.055549999999999995 0.1472979797979798
0 0.4060166666666667 0.17396464646464646 0.06203333333333333 0.07856060606060605
0 0.3199 0.21464646464646464 0.06388333333333333 0.06454545454545454
0 0.31156666666666666 0.16835858585858587 0.04906666666666667 0.044898989898989904