0 0.145 0.32166666666666666 0.23 0.23333333333333334
0 0.81125 0.385 0.135 0.12
2 0.27 0.6066666666666667 0.1575 0.27666666666666667
0 0.97875 0.47 0.0425 0.09333333333333334
0 0.555 0.315 0.125 0.11666666666666667
2 0.5675 0.6166666666666667 0.1425 0.39
2 0.67 0.6483333333333333 0.13 0.29
1 0.68 0.45166666666666666 0.11 0.13333333333333333
1 0.48 0.4216666666666667 0.075 0.11333333333333333
1 0.3575 0.37833333333333335 0.0725 0.12333333333333334
1 0.285 0.41333333333333333 0.08 0.11666666666666667
2 0.46625 0.575 0.1275 0.23