0 0.483154296875 0.32374631268436577 0.1064453125 0.13421828908554573
3 0.76611328125 0.5501474926253688 0.11181640625 0.28171091445427726
0 0.744873046875 0.3163716814159292 0.07373046875 0.08259587020648967
3 0.822021484375 0.734882005899705 0.11181640625 0.1261061946902655
0 0.986083984375 0.42957227138643067 0.02783203125 0.056784660766961655
2 0.65576171875 0.5778023598820059 0.0908203125 0.2750737463126844
0 0.630126953125 0.34476401179941 0.080078125 0.08333333333333333
0 0.6298828125 0.915929203539823 0.1357421875 0.168141592920354
0 0.90185546875 0.6991150442477876 0.08642578125 0.1172566371681416
0 0.267333984375 0.34107669616519176 0.08740234375 0.15117994100294985
0 0.046630859375 0.5401917404129793 0.09326171875 0.16887905604719763
0 0.318603515625 0.3506637168141593 0.06103515625 0.13126843657817108
2 0.41943359375 0.49041297935103245 0.10791015625 0.14749262536873156
3 0.97412109375 0.6364306784660767 0.0517578125 0.24926253687315633
3 0.81982421875 0.9133480825958702 0.1904296875 0.1733038348082596