3 0.44296875 0.6495983935742972 0.0671875 0.11646586345381527
0 0.44453125 0.5491967871485943 0.0390625 0.03815261044176707
3 0.34921875 0.643574297188755 0.065625 0.12048192771084337
0 0.34765625 0.5271084337349398 0.0359375 0.028112449799196786
0 0.68828125 0.5833333333333334 0.0375 0.028112449799196786
0 0.77109375 0.5602409638554217 0.0421875 0.04417670682730924
0 0.26796875 0.5331325301204819 0.040625 0.030120481927710843
2 0.91171875 0.6596385542168675 0.04375 0.08032128514056225
0 0.60625 0.5562248995983936 0.0375 0.030120481927710843
3 0.77421875 0.6606425702811245 0.065625 0.12650602409638553
3 0.60703125 0.6616465863453815 0.0625 0.10642570281124498
3 0.26015625 0.6395582329317269 0.06875 0.11847389558232932
2 0.98125 0.6516064257028112 0.03125 0.04819277108433735
3 0.68125 0.6757028112449799 0.05625 0.09236947791164658
1 0.52890625 0.5652610441767069 0.0375 0.04819277108433735
2 0.52578125 0.6516064257028112 0.071875 0.11244979919678715
2 0.16875 0.6295180722891566 0.040625 0.06827309236947791
1 0.1734375 0.572289156626506 0.01875 0.0321285140562249
1 0.90859375 0.6014056224899599 0.0296875 0.028112449799196786
1 0.98359375 0.606425702811245 0.0234375 0.028112449799196786