2 0.9035493827160493 0.43930041152263377 0.14660493827160495 0.30864197530864196
2 0.13657407407407407 0.4773662551440329 0.11419753086419752 0.26954732510288065
2 0.7453703703703703 0.48559670781893005 0.06172839506172839 0.17901234567901234
0 0.6983024691358025 0.3446502057613169 0.046296296296296294 0.043209876543209874
0 0.6404320987654321 0.35288065843621397 0.07253086419753087 0.07407407407407407
2 0.6373456790123457 0.5123456790123457 0.07253086419753087 0.205761316872428
0 0.6658950617283951 0.30761316872427985 0.05555555555555555 0.051440329218107
0 0.5077160493827161 0.20987654320987653 0.08179012345679013 0.07818930041152264
2 0.03009259259259259 0.43415637860082307 0.06018518518518518 0.2674897119341564
0 0.8996913580246914 0.1800411522633745 0.11419753086419752 0.10082304526748971
0 0.5617283950617284 0.24794238683127573 0.05864197530864197 0.06378600823045268
2 0.3618827160493827 0.4876543209876543 0.14351851851851852 0.2757201646090535
0 0.7445987654320988 0.3323045267489712 0.05092592592592592 0.05555555555555555
1 0.8117283950617284 0.31893004115226337 0.07098765432098765 0.12345679012345678
1 0.16049382716049382 0.28600823045267487 0.09722222222222222 0.13580246913580246
1 0.38348765432098764 0.2716049382716049 0.09259259259259259 0.15637860082304528
1 0.29398148148148145 0.3436213991769547 0.06944444444444445 0.10082304526748971
1 0.23842592592592593 0.3096707818930041 0.05092592592592592 0.08847736625514403
1 0.5401234567901234 0.3395061728395062 0.08641975308641975 0.1337448559670782
2 0.5362654320987654 0.5185185185185185 0.10648148148148148 0.24279835390946503
2 0.808641975308642 0.46296296296296297 0.07253086419753087 0.16872427983539096
2 0.26774691358024694 0.5329218106995884 0.09104938271604938 0.2613168724279835
0 0.533179012345679 0.7788065843621399 0.09876543209876543 0.1111111111111111
0 0.46141975308641975 0.7016460905349794 0.07716049382716049 0.10493827160493827