2 0.6528028933092225 0.4783132530120482 0.12658227848101267 0.21204819277108433
2 0.38155515370705245 0.5650602409638554 0.13381555153707053 0.3108433734939759
0 0.5090415913200723 0.41445783132530123 0.045207956600361664 0.04819277108433735
0 0.13110307414104883 0.491566265060241 0.07775768535262206 0.07951807228915662
0 0.44665461121157324 0.39518072289156625 0.05605786618444846 0.060240963855421686
2 0.162748643761302 0.6771084337349398 0.09764918625678119 0.2457831325301205
1 0.37884267631103075 0.3397590361445783 0.09945750452079566 0.12289156626506025
1 0.6320072332730561 0.3566265060240964 0.05786618444846293 0.09397590361445783
1 0.5678119349005425 0.43734939759036146 0.0433996383363472 0.06506024096385542
1 0.5786618444846293 0.40240963855421685 0.034358047016274866 0.05783132530120482
0 0.30560578661844484 0.4759036144578313 0.05244122965641953 0.08433734939759036
0 0.2694394213381555 0.4939759036144578 0.05244122965641953 0.07951807228915662
2 0.31464737793851716 0.6060240963855422 0.059674502712477394 0.15421686746987953
2 0.28390596745027125 0.6253012048192771 0.04701627486437613 0.163855421686747
0 0.4909584086799277 0.555421686746988 0.08860759493670886 0.10120481927710843