2 0.13666666666666666 0.45081967213114754 0.17333333333333334 0.35040983606557374
2 0.9191666666666667 0.3944672131147541 0.11833333333333333 0.23975409836065573
2 0.8366666666666667 0.3483606557377049 0.07833333333333334 0.1762295081967213
2 0.5475 0.36577868852459017 0.06666666666666667 0.1557377049180328
0 0.7083333333333334 0.22643442622950818 0.05333333333333334 0.0471311475409836
0 0.3933333333333333 0.23668032786885246 0.04666666666666667 0.040983606557377046
0 0.7925 0.1987704918032787 0.058333333333333334 0.0430327868852459
0 0.48583333333333334 0.23975409836065573 0.04833333333333333 0.045081967213114756
2 0.4875 0.35758196721311475 0.06333333333333334 0.14549180327868852
2 0.4058333333333333 0.33299180327868855 0.065 0.09631147540983606
0 0.5408333333333334 0.24180327868852458 0.04666666666666667 0.03483606557377049
2 0.6241666666666666 0.36065573770491804 0.06 0.14959016393442623
2 0.73 0.35963114754098363 0.056666666666666664 0.16188524590163936
0 0.5991666666666666 0.24692622950819673 0.04833333333333333 0.0471311475409836
0 0.8866666666666667 0.18954918032786885 0.09166666666666666 0.08196721311475409
0 0.3275 0.23668032786885246 0.05 0.05327868852459016
0 0.9633333333333334 0.19057377049180327 0.05 0.05327868852459016
0 0.17416666666666666 0.16905737704918034 0.11 0.09221311475409837
0 0.8225 0.21618852459016394 0.04833333333333333 0.04918032786885246
0 0.2658333333333333 0.23565573770491804 0.058333333333333334 0.055327868852459015
2 0.26 0.45901639344262296 0.095 0.1721311475409836
2 0.3308333333333333 0.32889344262295084 0.08 0.08401639344262295
2 0.2475 0.33811475409836067 0.09 0.07991803278688525
0 0.37416666666666665 0.4098360655737705 0.07166666666666667 0.11475409836065574