3 0.6847222222222222 0.3288409703504043 0.0787037037037037 0.15902964959568733
2 0.3819444444444444 0.41307277628032346 0.058333333333333334 0.14150943396226415
2 0.47129629629629627 0.3746630727762803 0.06759259259259259 0.12668463611859837
0 0.2800925925925926 0.52088948787062 0.06944444444444445 0.08086253369272237
0 0.7138888888888889 0.21900269541778974 0.03888888888888889 0.04043126684636118
0 0.6592592592592592 0.21900269541778974 0.04722222222222222 0.05256064690026954
2 0.8245370370370371 0.3308625336927224 0.14166666666666666 0.284366576819407
0 0.3277777777777778 0.6024258760107817 0.08888888888888889 0.11859838274932614
2 0.7351851851851852 0.3160377358490566 0.05740740740740741 0.1280323450134771
2 0.32037037037037036 0.784366576819407 0.11203703703703703 0.21428571428571427
2 0.2564814814814815 0.6509433962264151 0.08703703703703704 0.16172506738544473
1 0.46574074074074073 0.29514824797843664 0.03611111111111111 0.05525606469002695
1 0.3768518518518518 0.3194070080862534 0.03981481481481482 0.06199460916442048
1 0.7754629629629629 0.14892183288409702 0.08055555555555556 0.14824797843665768