0 0.7072727272727273 0.3119402985074627 0.07454545454545454 0.08358208955223881
0 0.8954545454545455 0.2671641791044776 0.08545454545454545 0.0955223880597015
0 0.7954545454545454 0.3447761194029851 0.07272727272727272 0.08358208955223881
0 0.26454545454545453 0.4 0.06909090909090909 0.07761194029850746
0 0.15454545454545454 0.4761194029850746 0.06181818181818182 0.06567164179104477
0 0.7918181818181819 0.24477611940298508 0.08 0.09253731343283582
0 0.5981818181818181 0.3880597014925373 0.05818181818181818 0.07462686567164178
0 0.6454545454545455 0.35522388059701493 0.04363636363636364 0.07164179104477612
0 0.5536363636363636 0.41940298507462687 0.04727272727272727 0.08059701492537313
0 0.39454545454545453 0.4059701492537313 0.04363636363636364 0.06865671641791045
0 0.36363636363636365 0.3522388059701492 0.04727272727272727 0.05970149253731343
0 0.32545454545454544 0.36716417910447763 0.045454545454545456 0.06865671641791045
0 0.11181818181818182 0.4701492537313433 0.04727272727272727 0.06567164179104477
0 0.06363636363636363 0.48208955223880595 0.045454545454545456 0.06865671641791045
1 0.9718181818181818 0.35522388059701493 0.04181818181818182 0.1044776119402985
3 0.9172727272727272 0.4761194029850746 0.10363636363636364 0.24477611940298508
3 0.8136363636363636 0.5432835820895522 0.09454545454545454 0.23880597014925373
3 0.7281818181818182 0.4701492537313433 0.07272727272727272 0.14925373134328357
3 0.47454545454545455 0.5194029850746269 0.07818181818181819 0.14626865671641792
3 0.15 0.6 0.06545454545454546 0.11343283582089553
1 0.46545454545454545 0.41044776119402987 0.07454545454545454 0.12238805970149254