3 0.7461832061068703 0.5840407470288624 0.21628498727735368 0.3616298811544992
3 0.45038167938931295 0.6400679117147708 0.17302798982188294 0.300509337860781
3 0.5725190839694656 0.5942275042444821 0.16539440203562342 0.3361629881154499
0 0.5356234096692112 0.36502546689303905 0.07888040712468193 0.07640067911714771
0 0.41857506361323155 0.4091680814940577 0.07888040712468193 0.08149405772495756
0 0.6972010178117048 0.3404074702886248 0.08651399491094147 0.09168081494057725
0 0.2767175572519084 0.4219015280135823 0.08651399491094147 0.08488964346349745
3 0.31234096692111957 0.6714770797962648 0.183206106870229 0.3225806451612903
0 0.8498727735368957 0.3361629881154499 0.022900763358778626 0.022071307300509338
3 0.8530534351145038 0.3709677419354839 0.031806615776081425 0.05432937181663837
3 0.916030534351145 0.34889643463497455 0.047073791348600506 0.07470288624787776
0 0.9122137404580153 0.298811544991511 0.022900763358778626 0.022071307300509338
0 0.7932569974554707 0.366723259762309 0.020356234096692113 0.022071307300509338
3 0.9592875318066157 0.3471986417657046 0.03435114503816794 0.04584040747028863