0 0.362 0.2807807807807808 0.144 0.14414414414414414
0 0.878 0.2882882882882883 0.148 0.15015015015015015
0 0.08 0.0960960960960961 0.108 0.15015015015015015
0 0.717 0.3588588588588589 0.082 0.09009009009009009
2 0.717 0.6216216216216216 0.12 0.26126126126126126
3 0.588 0.5735735735735735 0.208 0.4864864864864865
2 0.895 0.6696696696696697 0.21 0.45045045045045046
0 0.266 0.23423423423423423 0.092 0.10810810810810811
0 0.557 0.2072072072072072 0.144 0.18018018018018017
2 0.206 0.5420420420420421 0.132 0.34534534534534533
2 0.077 0.5045045045045045 0.154 0.4144144144144144