0 0.39596 0.11911764705882352 0.14904 0.14366310160427806
2 0.87102 0.4746524064171123 0.17774 0.3641711229946524
2 0.37972 0.4702941176470588 0.14898 0.35850267379679146
2 0.13912 0.45475935828877007 0.20013999999999998 0.2959090909090909
0 0.65362 0.18481283422459893 0.048420000000000005 0.03267379679144385
1 0.2231 0.18631016042780751 0.06266 0.09858288770053475
0 0.72374 0.17120320855614973 0.06136 0.06133689839572193
0 0.5565599999999999 0.21489304812834226 0.08123999999999999 0.07497326203208556
1 0.84736 0.21179144385026735 0.10948000000000001 0.181524064171123
1 0.12315999999999999 0.21459893048128342 0.10948000000000001 0.16184491978609625
2 0.70578 0.3855882352941177 0.08948 0.21954545454545454
2 0.62894 0.35462566844919785 0.06422 0.17449197860962568
2 0.25106 0.34548128342245993 0.06842000000000001 0.21532085561497327