0 0.509 0.1906779661016949 0.03 0.03389830508474576
2 0.279 0.8177966101694916 0.274 0.3644067796610169
1 0.415 0.5522598870056498 0.108 0.1384180790960452
1 0.66 0.5282485875706214 0.088 0.1497175141242938
1 0.578 0.5451977401129944 0.088 0.14689265536723164
1 0.252 0.5706214689265536 0.122 0.17796610169491525
1 0.513 0.596045197740113 0.122 0.1751412429378531
1 0.852 0.4011299435028249 0.122 0.192090395480226
1 0.746 0.4915254237288136 0.108 0.17231638418079095
2 0.511 0.8305084745762712 0.202 0.3389830508474576
2 0.663 0.7598870056497176 0.2 0.3672316384180791
2 0.866 0.6963276836158192 0.268 0.4491525423728814