3 0.7277862595419847 0.6503395585738541 0.1693765903307888 0.3212393887945671
3 0.4296564885496183 0.6235144312393888 0.13334605597964377 0.2701867572156197
3 0.5561068702290076 0.612088285229202 0.11983460559796437 0.3093378607809847
0 0.5561323155216285 0.37767402376910014 0.07147582697201017 0.05826825127334465
0 0.43430025445292625 0.3888794567062819 0.07113231552162849 0.06286926994906622
0 0.7177735368956742 0.3988285229202037 0.0765267175572519 0.07169779286926994
0 0.29342239185750635 0.36179966044142614 0.07866412213740458 0.06444821731748727
3 0.28975826972010177 0.6154329371816638 0.14134860050890585 0.2901528013582343
0 0.8677226463104325 0.4366723259762309 0.02048346055979644 0.016332767402376908
3 0.8656997455470739 0.47174872665534806 0.02494910941475827 0.04904923599320883
3 0.9304071246819338 0.46747028862478773 0.0382442748091603 0.06526315789473684
0 0.9347837150127226 0.4174872665534805 0.021475826972010177 0.015891341256366723
0 0.80735368956743 0.4513242784380305 0.018027989821882952 0.01697792869269949
3 0.9727480916030535 0.4782173174872666 0.02862595419847328 0.03960950764006791