3 0.296462962962963 0.3832479784366577 0.06069444444444444 0.14532345013477088
2 0.6044537037037037 0.38207547169811323 0.04192592592592593 0.13202156334231804
2 0.5115925925925926 0.3691913746630728 0.053703703703703705 0.11343665768194071
0 0.7185925925925927 0.4596765498652291 0.06158333333333334 0.06517520215633422
0 0.2532314814814815 0.2835714285714286 0.035444444444444445 0.03154986522911051
0 0.3066203703703704 0.2683288409703504 0.042166666666666665 0.04194070080862534
2 0.1590740740740741 0.423989218328841 0.10991666666666666 0.2588409703504043
0 0.682324074074074 0.5526684636118598 0.07771296296296297 0.09840970350404313
2 0.24499074074074073 0.38475741239892186 0.042722222222222224 0.11881401617250674
2 0.7134259259259259 0.72911051212938 0.08796296296296297 0.1940700808625337
2 0.7587962962962963 0.5808625336927223 0.06944444444444445 0.14555256064690028
1 0.5069444444444444 0.2890835579514825 0.030555555555555555 0.04716981132075472
1 0.5972222222222222 0.2884097035040431 0.03333333333333333 0.05390835579514825
1 0.18333333333333332 0.23180592991913745 0.06481481481481481 0.1320754716981132