0 0.540771484375 0.3329646017699115 0.11962890625 0.1592920353982301
3 0.23291015625 0.4657079646017699 0.1416015625 0.3053097345132743
0 0.28564453125 0.24373156342182892 0.08154296875 0.10029498525073746
3 0.15283203125 0.6286873156342183 0.1240234375 0.15265486725663716
0 0.03369140625 0.27876106194690264 0.03515625 0.06342182890855458
2 0.3369140625 0.5272861356932154 0.12060546875 0.29277286135693215
0 0.39404296875 0.30715339233038347 0.087890625 0.10250737463126844
0 0.3154296875 0.8668879056047197 0.15234375 0.2013274336283186
0 0.07958984375 0.5685840707964602 0.09814453125 0.137905604719764
0 0.749267578125 0.41777286135693215 0.10302734375 0.1710914454277286
0 0.938720703125 0.6821533923303835 0.1123046875 0.1902654867256637
0 0.697998046875 0.4107669616519174 0.07470703125 0.14454277286135694
2 0.580078125 0.5158554572271387 0.12255859375 0.17256637168141592
3 0.028564453125 0.48414454277286134 0.05712890625 0.25737463126843657
3 0.129150390625 0.8093657817109144 0.20751953125 0.22935103244837757