2 0.6528028933092225 0.516867469879518 0.10488245931283906 0.1927710843373494
2 0.3743218806509946 0.5337349397590362 0.10126582278481013 0.2963855421686747
0 0.5207956600361664 0.41807228915662653 0.04159132007233273 0.04096385542168675
0 0.1383363471971067 0.39759036144578314 0.0705244122965642 0.06746987951807229
0 0.4629294755877034 0.38313253012048193 0.05244122965641953 0.05060240963855422
2 0.1437613019891501 0.5879518072289157 0.07233273056057866 0.23373493975903614
1 0.40415913200723325 0.31204819277108437 0.08860759493670886 0.10602409638554217
1 0.6500904159132007 0.3927710843373494 0.04701627486437613 0.08433734939759036
1 0.5750452079566004 0.4566265060240964 0.03616636528028933 0.05783132530120482
1 0.5913200723327305 0.42409638554216866 0.028933092224231464 0.05301204819277108
0 0.3128390596745027 0.42650602409638555 0.0433996383363472 0.07710843373493977
0 0.2739602169981917 0.43614457831325304 0.045207956600361664 0.07228915662650602
2 0.30289330922242313 0.5578313253012048 0.0433996383363472 0.14698795180722893
2 0.2694394213381555 0.5674698795180723 0.028933092224231464 0.1614457831325301
0 0.4837251356238698 0.5518072289156627 0.07956600361663653 0.08433734939759036