0 0.12833333333333333 0.5463659147869674 0.125 0.16290726817042606
0 0.6841666666666667 0.7656641604010025 0.03 0.03508771929824561
0 0.5475 0.7305764411027569 0.04666666666666667 0.06015037593984962
0 0.7991666666666667 0.7656641604010025 0.055 0.06015037593984962
0 0.6058333333333333 0.7393483709273183 0.03666666666666667 0.042606516290726815
2 0.6791666666666667 0.8483709273182958 0.07166666666666667 0.12030075187969924
0 0.8966666666666666 0.8120300751879699 0.03333333333333333 0.040100250626566414
2 0.8816666666666667 0.893483709273183 0.065 0.12280701754385964
0 0.4575 0.34210526315789475 0.43666666666666665 0.46365914786967416
0 0.95 0.8270676691729323 0.03833333333333333 0.05012531328320802
2 0.9408333333333333 0.9172932330827067 0.043333333333333335 0.12280701754385964
2 0.6391666666666667 0.8195488721804511 0.05 0.09774436090225563
2 0.09833333333333333 0.7819548872180451 0.19666666666666666 0.2606516290726817
0 0.8466666666666667 0.7957393483709273 0.028333333333333332 0.03258145363408521
2 0.78 0.8884711779448622 0.075 0.14786967418546365
0 0.7241666666666666 0.7506265664160401 0.041666666666666664 0.05513784461152882
2 0.5958333333333333 0.8195488721804511 0.04666666666666667 0.08521303258145363
2 0.5475 0.8345864661654135 0.06 0.10526315789473684
1 0.6441666666666667 0.7518796992481203 0.025 0.045112781954887216
0 0.1775 0.6353383458646616 0.041666666666666664 0.06516290726817042
0 0.20666666666666667 0.631578947368421 0.035 0.05263157894736842
0 0.23166666666666666 0.6403508771929824 0.02666666666666667 0.042606516290726815
0 0.2575 0.650375939849624 0.04 0.06265664160401002