0 0.1313 0.3807666666666667 0.21357500000000001 0.20023333333333335
0 0.7986249999999999 0.33573333333333333 0.126225 0.09903333333333333
2 0.28102499999999997 0.6436333333333334 0.1343 0.2551333333333334
0 0.978125 0.39136666666666664 0.04372499999999999 0.08643333333333333
0 0.5375 0.30693333333333334 0.116675 0.09723333333333334
2 0.5776 0.6041666666666666 0.109375 0.375
2 0.6817749999999999 0.6194333333333334 0.1052 0.275
1 0.674475 0.42223333333333335 0.10105 0.11943333333333332
1 0.47240000000000004 0.42569999999999997 0.065625 0.10416666666666667
1 0.34740000000000004 0.40276666666666666 0.06355000000000001 0.1139
1 0.27865 0.4493 0.071875 0.10693333333333332
2 0.47345 0.5798666666666666 0.109375 0.2125