3 0.25636132315521626 0.5950764006791172 0.20865139949109415 0.3548387096774194
3 0.5534351145038168 0.6375212224108658 0.16666666666666666 0.29711375212224106
3 0.4300254452926209 0.597623089983022 0.15776081424936386 0.33276740237691
0 0.46055979643765904 0.366723259762309 0.07760814249363868 0.07470288624787776
0 0.5788804071246819 0.4057724957555178 0.07760814249363868 0.07809847198641766
0 0.2989821882951654 0.34974533106960953 0.08524173027989822 0.08828522920203735
0 0.7213740458015268 0.41171477079796265 0.08524173027989822 0.08149405772495756
3 0.6921119592875318 0.6621392190152802 0.17684478371501272 0.31918505942275044
0 0.14631043256997456 0.3522920203735144 0.022900763358778626 0.02037351443123939
3 0.14376590330788805 0.3870967741935484 0.030534351145038167 0.05432937181663837
3 0.08015267175572519 0.3684210526315789 0.04580152671755725 0.0730050933786078
0 0.08269720101781171 0.31833616298811546 0.022900763358778626 0.02037351443123939
0 0.2035623409669211 0.38115449915110355 0.020356234096692113 0.02037351443123939
3 0.037531806615776084 0.3692699490662139 0.03307888040712468 0.04584040747028863