0 0.4011142061281337 0.3621031746031746 0.03064066852367688 0.025793650793650792
0 0.28133704735376047 0.36706349206349204 0.026462395543175487 0.023809523809523808
0 0.07172701949860724 0.21031746031746032 0.020891364902506964 0.017857142857142856
0 0.17618384401114207 0.39880952380952384 0.034818941504178275 0.041666666666666664
0 0.15807799442896936 0.5347222222222222 0.0988857938718663 0.11904761904761904
1 0.4157381615598886 0.5892857142857143 0.07103064066852367 0.10317460317460317
1 0.5153203342618384 0.6190476190476191 0.13509749303621169 0.2222222222222222
1 0.7228412256267409 0.5277777777777778 0.10027855153203342 0.16865079365079366
1 0.6413649025069638 0.5 0.04874651810584958 0.07539682539682539
1 0.5264623955431755 0.35615079365079366 0.033426183844011144 0.05357142857142857
1 0.5250696378830083 0.48313492063492064 0.05013927576601671 0.07738095238095238
1 0.04178272980501393 0.4781746031746032 0.05013927576601671 0.06547619047619048
3 0.40459610027855153 0.7212301587301587 0.11142061281337047 0.13690476190476192
3 0.1371866295264624 0.8125 0.1671309192200557 0.31547619047619047
3 0.4101671309192201 0.44345238095238093 0.04456824512534819 0.10515873015873016
2 0.4832869080779944 0.2976190476190476 0.033426183844011144 0.08531746031746032
2 0.5362116991643454 0.4107142857142857 0.0403899721448468 0.05952380952380952
2 0.7416434540389972 0.8045634920634921 0.1392757660167131 0.36904761904761907
2 0.6295264623955432 0.6408730158730159 0.08356545961002786 0.19246031746031747
2 0.8955431754874652 0.7708333333333334 0.16016713091922005 0.3055555555555556