0 0.40467966573816155 0.3577579365079365 0.03015320334261838 0.024900793650793653
0 0.28445682451253484 0.35674603174603176 0.02661559888579387 0.02261904761904762
0 0.07878830083565459 0.18918650793650793 0.020139275766016713 0.016309523809523812
0 0.17855153203342616 0.38305555555555554 0.03352367688022284 0.04027777777777778
0 0.1576740947075209 0.5179960317460317 0.09650417827298051 0.11480158730158731
1 0.4133565459610028 0.5853174603174603 0.06864902506963788 0.0992063492063492
1 0.5123398328690808 0.6200396825396826 0.12933147632311978 0.21684523809523812
1 0.721740947075209 0.5385515873015874 0.09650417827298051 0.16440476190476191
1 0.6411699164345404 0.5073611111111112 0.046754874651810586 0.0736904761904762
1 0.5297493036211699 0.35714285714285715 0.03282729805013928 0.051011904761904765
1 0.5252646239554317 0.4839880952380953 0.04775766016713092 0.07511904761904761
1 0.042284122562674095 0.4549404761904762 0.04874651810584958 0.06236111111111111
3 0.39942896935933153 0.7164087301587302 0.10844011142061281 0.13180555555555556
3 0.12981894150417828 0.7943650793650794 0.16016713091922005 0.30753968253968256
3 0.41185236768802225 0.43863095238095234 0.04178272980501393 0.10345238095238095
2 0.48845403899721446 0.2969047619047619 0.03183844011142061 0.08361111111111111
2 0.5387047353760446 0.41242063492063497 0.038802228412256265 0.05668650793650794
2 0.7336908077994428 0.816329365079365 0.13032033426183842 0.36281746031746037
2 0.6262395543175487 0.6469642857142857 0.0785933147632312 0.1884920634920635
2 0.8883844011142061 0.7900992063492063 0.1532033426183844 0.2990277777777778