0 0.7336363636363636 0.44029850746268656 0.07818181818181819 0.0955223880597015
0 0.9209090909090909 0.5029850746268657 0.09090909090909091 0.11343283582089553
0 0.81 0.5208955223880597 0.07818181818181819 0.09850746268656717
0 0.2990909090909091 0.2746268656716418 0.07272727272727272 0.08955223880597014
0 0.1809090909090909 0.2835820895522388 0.06363636363636363 0.07761194029850746
0 0.8272727272727273 0.42388059701492536 0.08545454545454545 0.10746268656716418
0 0.6154545454545455 0.4507462686567164 0.06181818181818182 0.08656716417910448
0 0.6663636363636364 0.4462686567164179 0.04727272727272727 0.07761194029850746
0 0.5672727272727273 0.4552238805970149 0.05272727272727273 0.08955223880597014
0 0.42 0.3522388059701492 0.04727272727272727 0.07761194029850746
0 0.4027272727272727 0.2835820895522388 0.05090909090909091 0.06865671641791045
0 0.36363636363636365 0.27611940298507465 0.05090909090909091 0.07761194029850746
0 0.14181818181818182 0.25522388059701495 0.05090909090909091 0.07462686567164178
0 0.09363636363636364 0.23880597014925373 0.04909090909090909 0.07462686567164178
1 0.9736363636363636 0.6283582089552239 0.04909090909090909 0.11044776119402985
3 0.8972727272727272 0.7119402985074627 0.12181818181818181 0.25970149253731345
3 0.7854545454545454 0.7164179104477612 0.11090909090909092 0.2507462686567164
3 0.7209090909090909 0.6 0.08363636363636363 0.16119402985074627
3 0.4718181818181818 0.5044776119402985 0.08727272727272728 0.1582089552238806
3 0.1509090909090909 0.3970149253731343 0.07272727272727272 0.1253731343283582
1 0.48545454545454547 0.3970149253731343 0.08181818181818182 0.13432835820895522