3 0.6723186119873817 0.5183823529411765 0.12697160883280756 0.2415966386554622
0 0.6557570977917981 0.35661764705882354 0.07097791798107256 0.0703781512605042
0 0.5283911671924291 0.3319327731092437 0.056782334384858045 0.06512605042016807
0 0.4751577287066246 0.3539915966386555 0.07018927444794952 0.07352941176470588
3 0.48738170347003157 0.5430672268907563 0.11908517350157728 0.22794117647058823
0 0.5670347003154574 0.35661764705882354 0.050473186119873815 0.05777310924369748
0 0.2787854889589905 0.42489495798319327 0.04810725552050473 0.07563025210084033
0 0.1975552050473186 0.5787815126050421 0.0528391167192429 0.06197478991596639
3 0.10686119873817035 0.5982142857142857 0.10488958990536278 0.10294117647058823
3 0.21727129337539433 0.6664915966386554 0.08753943217665615 0.09663865546218488
3 0.5745268138801262 0.48161764705882354 0.05993690851735016 0.15021008403361344