0 0.28230909090909095 0.3491641791044776 0.07072727272727272 0.07041791044776119
0 0.09147272727272727 0.3362686567164179 0.08096363636363636 0.08319402985074627
0 0.19625454545454546 0.39689552238805975 0.06874545454545455 0.0722089552238806
0 0.727890909090909 0.3605970149253731 0.06570909090909091 0.06635820895522389
0 0.8417090909090909 0.41734328358208955 0.05787272727272727 0.05614925373134328
0 0.19363636363636363 0.29576119402985074 0.07518181818181818 0.07928358208955223
0 0.3956727272727273 0.40582089552238804 0.053672727272727275 0.06680597014925373
0 0.3463272727272727 0.3816716417910448 0.039818181818181815 0.06397014925373135
0 0.4415636363636364 0.42928358208955225 0.04329090909090909 0.07391044776119403
0 0.5991272727272727 0.3880597014925373 0.039818181818181815 0.06253731343283582
0 0.6259818181818182 0.3290746268656716 0.04501818181818182 0.05259701492537314
0 0.6653636363636364 0.33761194029850744 0.04241818181818181 0.06113432835820896
0 0.8839818181818182 0.40441791044776115 0.04329090909090909 0.058268656716417906
0 0.9324727272727273 0.4072537313432836 0.041563636363636365 0.06113432835820896
1 0.021636363636363638 0.4371044776119403 0.03636363636363636 0.09808955223880597
3 0.08310909090909091 0.5479701492537313 0.09003636363636364 0.23170149253731345
3 0.19090909090909092 0.5962985074626865 0.08052727272727273 0.22599999999999998
3 0.27143636363636364 0.5088955223880597 0.06492727272727272 0.1393134328358209
3 0.5268363636363637 0.5152835820895523 0.07012727272727273 0.135044776119403
3 0.8541090909090909 0.5387462686567164 0.059745454545454546 0.10519402985074627
1 0.529 0.4051044776119403 0.06752727272727273 0.11086567164179105