0 0.6526000000000001 0.3041141141141141 0.13641999999999999 0.12390390390390389
0 0.13886 0.2294894894894895 0.1403 0.12987987987987987
0 0.94566 0.16363363363363365 0.09958 0.13525525525525525
0 0.29398 0.32498498498498496 0.07781999999999999 0.07912912912912913
2 0.27586 0.5872672672672673 0.10346 0.2477777777777778
3 0.40738 0.5599999999999999 0.17715999999999998 0.4604804804804805
2 0.09264 0.6094294294294295 0.18530000000000002 0.4223123123123123
0 0.7509 0.2716216216216216 0.08546 0.09555555555555556
0 0.46364 0.19927927927927927 0.13272 0.16108108108108107
2 0.7891 0.5876276276276277 0.10909999999999999 0.328978978978979
2 0.92818 0.573993993993994 0.14364 0.39447447447447453