0 0.43175487465181056 0.32936507936507936 0.033426183844011144 0.03373015873015873
0 0.31545961002785516 0.2867063492063492 0.02924791086350975 0.031746031746031744
0 0.14415041782729804 0.05357142857142857 0.022284122562674095 0.021825396825396824
0 0.20821727019498606 0.2757936507936508 0.03899721448467967 0.051587301587301584
0 0.16504178272980502 0.3998015873015873 0.11281337047353761 0.14484126984126985
1 0.4011142061281337 0.5525793650793651 0.08356545961002786 0.11904761904761904
1 0.49164345403899723 0.621031746031746 0.16295264623955433 0.25595238095238093
1 0.7089136490250696 0.6140873015873016 0.12116991643454039 0.19246031746031747
1 0.6357938718662952 0.5555555555555556 0.0584958217270195 0.0873015873015873
1 0.552924791086351 0.37202380952380953 0.0403899721448468 0.061507936507936505
1 0.5271587743732591 0.4930555555555556 0.0584958217270195 0.08928571428571429
1 0.06337047353760446 0.2986111111111111 0.0584958217270195 0.07738095238095238
3 0.36559888579387184 0.6755952380952381 0.12813370473537605 0.16468253968253968
3 0.0967966573816156 0.6567460317460317 0.1935933147632312 0.3531746031746032
3 0.42479108635097496 0.4097222222222222 0.0584958217270195 0.11507936507936507
2 0.5229805013927576 0.2986111111111111 0.04456824512534819 0.09126984126984126
2 0.5522284122562674 0.42857142857142855 0.04735376044568245 0.06746031746031746
2 0.6720055710306406 0.8442460317460317 0.18802228412256267 0.3115079365079365
2 0.5974930362116991 0.6865079365079365 0.10863509749303621 0.21031746031746032
2 0.8266016713091922 0.8720238095238095 0.1991643454038997 0.25595238095238093