2 0.37916666666666665 0.8216957605985037 0.09 0.19950124688279303
0 0.32916666666666666 0.7119700748129676 0.051666666666666666 0.06483790523690773
0 0.3883333333333333 0.6932668329177057 0.051666666666666666 0.07481296758104738
0 0.32 0.46508728179551123 0.025 0.02743142144638404
0 0.0525 0.6807980049875312 0.04833333333333333 0.06483790523690773
0 0.47833333333333333 0.3827930174563591 0.023333333333333334 0.032418952618453865
0 0.7458333333333333 0.06359102244389027 0.08 0.0798004987531172
0 0.14333333333333334 0.6084788029925187 0.03833333333333333 0.05236907730673317
0 0.6216666666666667 0.06483790523690773 0.10666666666666667 0.11221945137157108
2 0.6808333333333333 0.3690773067331671 0.14166666666666666 0.3541147132169576
0 0.42083333333333334 0.5835411471321695 0.03166666666666667 0.04987531172069826
0 0.37583333333333335 0.5685785536159601 0.03166666666666667 0.04738154613466334
0 0.41083333333333333 0.4975062344139651 0.028333333333333332 0.04239401496259352
0 0.2025 0.5997506234413965 0.03166666666666667 0.0399002493765586
0 0.2683333333333333 0.5374064837905237 0.023333333333333334 0.02743142144638404
0 0.3233333333333333 0.4239401496259352 0.021666666666666667 0.03740648379052369
0 0.11 0.8728179551122195 0.056666666666666664 0.07481296758104738