0 0.20344827586206896 0.19534282018111254 0.3017241379310345 0.2820181112548512
0 0.5810344827586207 0.28395860284605434 0.06206896551724138 0.04398447606727038
0 0.4853448275862069 0.28266494178525226 0.034482758620689655 0.02457956015523933
0 0.3887931034482759 0.26002587322121606 0.04310344827586207 0.029754204398447608
0 0.5301724137931034 0.29172056921086675 0.034482758620689655 0.02457956015523933
3 0.16724137931034483 0.6791720569210866 0.33448275862068966 0.5278137128072445
3 0.44482758620689655 0.34799482535575677 0.10517241379310345 0.11254851228978008
3 0.36379310344827587 0.3163001293661061 0.06379310344827586 0.08020698576972833
3 0.5956896551724138 0.36093143596377747 0.06724137931034482 0.0944372574385511
3 0.7836206896551724 0.3906856403622251 0.10172413793103448 0.09831824062095731
3 0.5396551724137931 0.33764553686934023 0.08448275862068966 0.08667529107373868
1 0.7905172413793103 0.32858990944372574 0.05517241379310345 0.040103492884864166