0 0.505 0.1906779661016949 0.03 0.03389830508474576
2 0.283 0.8206214689265536 0.278 0.3587570621468927
1 0.416 0.5550847457627118 0.11 0.14124293785310735
1 0.66 0.5254237288135594 0.088 0.1497175141242938
1 0.578 0.5437853107344632 0.09 0.14689265536723164
1 0.253 0.576271186440678 0.124 0.1807909604519774
1 0.514 0.596045197740113 0.124 0.17796610169491525
1 0.85 0.3926553672316384 0.124 0.19491525423728814
1 0.746 0.4858757062146893 0.11 0.1751412429378531
2 0.515 0.8290960451977402 0.206 0.3418079096045198
2 0.666 0.7556497175141242 0.204 0.3700564971751412
2 0.866 0.6864406779661016 0.268 0.4519774011299435