0 0.44594 0.1998587570621469 0.027219999999999998 0.02621468926553672
2 0.77018 0.795677966101695 0.21764 0.40861581920903955
1 0.5907 0.5263841807909605 0.09326000000000001 0.1146045197740113
1 0.34798 0.5751412429378531 0.0696 0.13079096045197738
1 0.43068 0.5673728813559322 0.0711 0.12824858757062146
1 0.753 0.4957627118644068 0.102 0.15254237288135594
1 0.5015 0.5981638418079096 0.103 0.1483050847457627
1 0.1415 0.5063559322033898 0.099 0.16807909604519775
1 0.258 0.5642655367231638 0.088 0.15112994350282485
2 0.539 0.8319209039548022 0.16 0.3107344632768362
2 0.379 0.8022598870056498 0.156 0.327683615819209
2 0.168 0.8001412429378532 0.218 0.3940677966101695