0 0.14071666666666668 0.6517293233082707 0.11065 0.13468671679197997
0 0.7142 0.7073934837092731 0.02675 0.02882205513784461
0 0.5758333333333333 0.7122305764411028 0.04133333333333333 0.04884711779448621
0 0.8275 0.6748370927318296 0.049550000000000004 0.047543859649122805
0 0.63395 0.7041353383458646 0.0322 0.03491228070175439
2 0.7202166666666666 0.7909774436090227 0.05875 0.10568922305764411
0 0.9291333333333334 0.6928320802005012 0.029799999999999997 0.032205513784461154
2 0.9249333333333334 0.7763659147869674 0.051416666666666666 0.1112531328320802
0 0.43810000000000004 0.3574436090225564 0.3987833333333333 0.35471177944862153
0 0.9833333333333333 0.6923057644110276 0.03333333333333333 0.04060150375939849
2 0.9857500000000001 0.7833082706766917 0.0285 0.11666666666666665
2 0.67705 0.7733082706766917 0.040183333333333335 0.08721804511278194
2 0.1261 0.897218045112782 0.2061 0.2055388471177945
0 0.8781 0.6901503759398496 0.025183333333333332 0.025338345864661653
2 0.8240666666666666 0.8006015037593985 0.05926666666666667 0.13365914786967417
0 0.75185 0.6822556390977444 0.037033333333333335 0.044561403508771934
2 0.6347166666666666 0.7859899749373433 0.03796666666666667 0.07659147869674185
2 0.58935 0.8145363408521303 0.04906666666666667 0.0919047619047619
1 0.6736166666666666 0.7052380952380952 0.01945 0.04037593984962406
0 0.20093333333333332 0.7254135338345865 0.03518333333333333 0.05568922305764411
0 0.2287 0.7135839598997494 0.029633333333333334 0.04593984962406015
0 0.25416666666666665 0.7142857142857143 0.02315 0.03619047619047619
0 0.2810166666666667 0.7170676691729324 0.03426666666666667 0.05290726817042606