3 0.333596214511041 0.5619747899159664 0.11277602523659307 0.23109243697478993
0 0.3264984227129338 0.39863445378151263 0.06782334384858044 0.06302521008403361
0 0.44834384858044163 0.34243697478991597 0.0528391167192429 0.059873949579831935
0 0.5035488958990536 0.35031512605042014 0.06624605678233439 0.06722689075630252
3 0.5185331230283912 0.5388655462184874 0.1056782334384858 0.2184873949579832
0 0.4136435331230284 0.3760504201680672 0.04810725552050473 0.052521008403361345
0 0.706230283911672 0.3702731092436975 0.04416403785488959 0.07142857142857142
0 0.8083596214511041 0.5005252100840336 0.04968454258675079 0.05672268907563025
3 0.8998422712933754 0.49684873949579833 0.10015772870662461 0.09243697478991597
3 0.8012618296529969 0.5913865546218487 0.08280757097791798 0.08823529411764706
3 0.4242902208201893 0.5010504201680672 0.051261829652996846 0.14600840336134455