2 0.3468354430379747 0.5136144578313253 0.10283905967450271 0.19098795180722894
2 0.6252441229656419 0.5368674698795181 0.09743218806509946 0.293855421686747
0 0.48003616636528024 0.4178795180722891 0.04126582278481013 0.03949397590361446
0 0.862622061482821 0.4061927710843373 0.0705244122965642 0.06474698795180724
0 0.538372513562387 0.3839759036144578 0.050976491862567815 0.04963855421686748
2 0.8552260397830018 0.596 0.06907775768535263 0.23334939759036144
1 0.5983182640144665 0.31433734939759034 0.0877757685352622 0.10469879518072289
1 0.35103074141048823 0.38908433734939757 0.046799276672694394 0.08363855421686747
1 0.42547920433996383 0.45428915662650604 0.03616636528028933 0.05812048192771085
1 0.4095298372513562 0.42168674698795183 0.027649186256781193 0.05243373493975904
0 0.6882278481012658 0.4308915662650602 0.0425497287522604 0.07653012048192771
0 0.726509945750452 0.4408192771084337 0.04468354430379747 0.07086746987951807
2 0.6962025316455697 0.5620240963855422 0.04148282097649186 0.14600000000000002
2 0.7291862567811935 0.5733493975903614 0.026600361663652806 0.16016867469879517
0 0.5158951175406872 0.5520963855421687 0.07871609403254973 0.08363855421686747