0 0.10833333333333334 0.04040404040404041 0.12 0.08080808080808081
0 0.925 0.2803030303030303 0.07833333333333334 0.08585858585858586
0 0.075 0.08207070707070707 0.07666666666666666 0.14898989898989898
0 0.7716666666666666 0.2058080808080808 0.09166666666666666 0.10101010101010101
0 0.6158333333333333 0.255050505050505 0.045 0.06060606060606061
0 0.18583333333333332 0.10479797979797979 0.09833333333333333 0.1111111111111111
3 0.7658333333333334 0.43813131313131315 0.12666666666666668 0.2803030303030303
3 0.9083333333333333 0.48863636363636365 0.12333333333333334 0.2828282828282828
3 0.5508333333333333 0.3244949494949495 0.10166666666666667 0.13131313131313133
3 0.32416666666666666 0.3371212121212121 0.09 0.2196969696969697
3 0.4083333333333333 0.29924242424242425 0.08 0.1919191919191919
3 0.060833333333333336 0.42045454545454547 0.12166666666666667 0.3661616161616162
3 0.15916666666666668 0.3207070707070707 0.11166666666666666 0.2803030303030303
3 0.10166666666666667 0.22727272727272727 0.07333333333333333 0.16161616161616163
0 0.44916666666666666 0.1527777777777778 0.07 0.09595959595959595
0 0.3591666666666667 0.16792929292929293 0.07166666666666667 0.08080808080808081
0 0.3566666666666667 0.11994949494949494 0.05333333333333334 0.05808080808080808