0 0.55003125 0.7483953488372093 0.097203125 0.16446511627906976
0 0.709359375 0.7313255813953489 0.097859375 0.12632558139534883
0 0.05254687500000001 0.788953488372093 0.10509375000000001 0.17790697674418604
0 0.611765625 0.6165116279069768 0.027890625000000002 0.04269767441860465
0 0.512859375 0.6406046511627906 0.032718750000000005 0.05223255813953489
0 0.41678125 0.6431627906976745 0.047234375 0.06427906976744187
0 0.548921875 0.6156046511627906 0.031796875 0.041139534883720935
0 0.23785937499999998 0.662860465116279 0.065375 0.07465116279069768
0 0.105125 0.6147441860465116 0.040578125 0.02972093023255814
0 0.27909375000000003 0.6193255813953489 0.033234375 0.029139534883720928
0 0.353765625 0.9141860465116279 0.24015625 0.17162790697674418
0 0.347796875 0.6455813953488373 0.044656249999999995 0.06511627906976744
0 0.7889999999999999 0.871093023255814 0.21725 0.25390697674418605
0 0.841671875 0.6848372093023256 0.080484375 0.10288372093023257
0 0.298078125 0.6709302325581395 0.06215625 0.08483720930232558
0 0.32996875000000003 0.7701860465116279 0.12132812500000001 0.15048837209302324
0 0.6769375 0.6614186046511629 0.0560625 0.05881395348837209
0 0.9186562500000001 0.6887906976744186 0.070765625 0.0943953488372093
0 0.0248125 0.6675813953488372 0.049625 0.0683953488372093
0 0.47289062499999995 0.6354418604651163 0.03584375 0.047883720930232555
0 0.47885937500000003 0.6874186046511628 0.068015625 0.07251162790697674
0 0.73253125 0.6251627906976744 0.03125 0.03830232558139535
1 0.0988125 0.684 0.07996875 0.12037209302325581