3 0.44921875 0.6536144578313253 0.071875 0.12048192771084337
0 0.446875 0.5532128514056225 0.040625 0.040160642570281124
3 0.35546875 0.6536144578313253 0.0703125 0.12449799196787148
0 0.34921875 0.5381526104417671 0.0375 0.030120481927710843
0 0.69140625 0.570281124497992 0.0390625 0.030120481927710843
0 0.77265625 0.5421686746987951 0.04375 0.04819277108433735
0 0.26953125 0.5481927710843374 0.0421875 0.03413654618473896
2 0.91796875 0.6315261044176707 0.046875 0.0823293172690763
0 0.60859375 0.5491967871485943 0.0390625 0.0321285140562249
3 0.78046875 0.642570281124498 0.0703125 0.13253012048192772
3 0.61328125 0.6546184738955824 0.0671875 0.11044176706827309
3 0.26640625 0.6556224899598394 0.0734375 0.12449799196787148
2 0.98515625 0.6174698795180723 0.0296875 0.050200803212851405
3 0.68828125 0.6626506024096386 0.0609375 0.0963855421686747
1 0.53125 0.5632530120481928 0.040625 0.05220883534136546
2 0.53203125 0.6495983935742972 0.0765625 0.11646586345381527
2 0.17421875 0.6516064257028112 0.0421875 0.07228915662650602
1 0.1765625 0.5943775100401606 0.0203125 0.0321285140562249
1 0.91171875 0.5732931726907631 0.0296875 0.030120481927710843
1 0.9875 0.5742971887550201 0.025 0.030120481927710843