0 0.693 0.08132530120481928 0.158 0.16265060240963855
0 0.846 0.16415662650602408 0.218 0.2289156626506024
2 0.907 0.6400602409638554 0.186 0.4789156626506024
0 0.538 0.13102409638554216 0.05 0.05120481927710843
2 0.195 0.6340361445783133 0.3 0.5060240963855421
0 0.459 0.29066265060240964 0.042 0.06626506024096386
0 0.952 0.08132530120481928 0.042 0.09939759036144578
2 0.725 0.48493975903614456 0.182 0.4759036144578313
0 0.534 0.25903614457831325 0.084 0.1144578313253012
0 0.621 0.16566265060240964 0.05 0.07228915662650602
0 0.49 0.24246987951807228 0.044 0.05120481927710843
2 0.561 0.4307228915662651 0.106 0.14457831325301204
1 0.167 0.24096385542168675 0.186 0.3192771084337349