2 0.47363636363636363 0.48429319371727747 0.09272727272727273 0.1518324607329843
3 0.29363636363636364 0.4790575916230366 0.10727272727272727 0.17539267015706805
3 0.7490909090909091 0.5942408376963351 0.10181818181818182 0.18586387434554974
0 0.21545454545454545 0.2591623036649215 0.07454545454545454 0.06544502617801047
0 0.31636363636363635 0.3219895287958115 0.05454545454545454 0.05759162303664921
0 0.7481818181818182 0.45418848167539266 0.04363636363636364 0.03664921465968586
0 0.5963636363636363 0.4397905759162304 0.04727272727272727 0.04712041884816754
0 0.6981818181818182 0.4594240837696335 0.03636363636363636 0.034031413612565446
3 0.17 0.4463350785340314 0.14 0.22774869109947643
0 0.4827272727272727 0.3481675392670157 0.05454545454545454 0.0549738219895288
0 0.3927272727272727 0.38612565445026176 0.04909090909090909 0.049738219895287955
0 0.5163636363636364 0.4109947643979058 0.034545454545454546 0.03664921465968586
0 0.6454545454545455 0.46465968586387435 0.04 0.04712041884816754
3 0.3809090909090909 0.5196335078534031 0.08727272727272728 0.1649214659685864
3 0.5881818181818181 0.5536649214659686 0.08 0.14659685863874344