0 0.5296875 0.7558139534883721 0.109375 0.1813953488372093
0 0.6890625 0.7674418604651163 0.1078125 0.14418604651162792
0 0.0453125 0.7046511627906977 0.090625 0.19534883720930232
0 0.6015625 0.6360465116279069 0.03125 0.046511627906976744
0 0.5015625 0.641860465116279 0.0375 0.05813953488372093
0 0.40546875 0.6267441860465116 0.0515625 0.07209302325581396
0 0.5390625 0.6232558139534884 0.034375 0.046511627906976744
0 0.2265625 0.6139534883720931 0.0703125 0.08604651162790698
0 0.0984375 0.541860465116279 0.0421875 0.037209302325581395
0 0.27109375 0.577906976744186 0.0359375 0.03488372093023256
0 0.32109375 0.8848837209302326 0.253125 0.21395348837209302
0 0.33671875 0.6174418604651163 0.05 0.07209302325581396
0 0.75546875 0.8872093023255814 0.2359375 0.2255813953488372
0 0.82421875 0.7453488372093023 0.0890625 0.11627906976744186
0 0.2859375 0.6325581395348837 0.06875 0.09534883720930233
0 0.309375 0.7372093023255814 0.1328125 0.17209302325581396
0 0.6625 0.6918604651162791 0.0609375 0.06744186046511629
0 0.9 0.7627906976744186 0.078125 0.10697674418604651
0 0.02109375 0.5802325581395349 0.0421875 0.07674418604651163
0 0.46171875 0.6290697674418605 0.0390625 0.053488372093023255
0 0.46328125 0.6825581395348838 0.0734375 0.08372093023255814
0 0.7203125 0.6662790697674419 0.034375 0.044186046511627906
1 0.08671875 0.6093023255813953 0.0890625 0.13488372093023257