0 0.8103448275862069 0.20310478654592498 0.2913793103448276 0.278137128072445
0 0.42931034482758623 0.2820181112548512 0.06206896551724138 0.042690815006468305
0 0.525 0.28266494178525226 0.032758620689655175 0.02457956015523933
0 0.6224137931034482 0.2632600258732212 0.041379310344827586 0.028460543337645538
0 0.4793103448275862 0.2910737386804657 0.034482758620689655 0.02457956015523933
3 0.8327586206896552 0.6901681759379042 0.33448275862068966 0.5239327296248383
3 0.5620689655172414 0.34928848641655885 0.10172413793103448 0.111254851228978
3 0.6448275862068965 0.31953428201811124 0.0603448275862069 0.08020698576972833
3 0.4103448275862069 0.35834411384217335 0.06379310344827586 0.0944372574385511
3 0.22155172413793103 0.3835705045278137 0.09827586206896552 0.09702457956015524
3 0.4681034482758621 0.33635187580853815 0.08103448275862069 0.08538163001293661
1 0.21724137931034482 0.3208279430789133 0.05344827586206897 0.03880983182406209