0 0.72558 0.1172289156626506 0.14696 0.14484939759036145
0 0.8703 0.23045180722891567 0.20452 0.19265060240963855
2 0.90854 0.7172891566265059 0.1829 0.4477108433734939
0 0.56748 0.14033132530120482 0.04654 0.04412650602409639
2 0.18603999999999998 0.576777108433735 0.2652 0.46072289156626506
0 0.47652 0.28409638554216865 0.03682 0.0608433734939759
0 0.9824400000000001 0.16683734939759037 0.03512 0.09478915662650603
2 0.72442 0.5262349397590361 0.14604 0.45246987951807227
0 0.55364 0.26765060240963856 0.07636 0.10268072289156628
0 0.6468200000000001 0.19030120481927712 0.044539999999999996 0.06572289156626505
0 0.5109 0.24231927710843373 0.04 0.04382530120481928
2 0.56636 0.442921686746988 0.09636 0.12731927710843374
1 0.19046000000000002 0.18207831325301205 0.16272 0.29298192771084336