0 0.452 0.09893048128342247 0.166 0.17914438502673796
2 0.868 0.56951871657754 0.226 0.4037433155080214
2 0.386 0.43983957219251335 0.198 0.39037433155080214
2 0.152 0.36363636363636365 0.238 0.3422459893048128
0 0.696 0.22994652406417113 0.052 0.045454545454545456
1 0.273 0.12165775401069519 0.076 0.11229946524064172
0 0.767 0.2339572192513369 0.068 0.0748663101604278
0 0.596 0.2339572192513369 0.09 0.09358288770053476
1 0.882 0.30614973262032086 0.134 0.20588235294117646
1 0.171 0.12433155080213903 0.13 0.18716577540106952
2 0.718 0.43983957219251335 0.12 0.23796791443850268
2 0.647 0.39037433155080214 0.088 0.18716577540106952
2 0.278 0.28475935828877 0.098 0.22994652406417113