2 0.8433333333333334 0.3442622950819672 0.20833333333333334 0.3729508196721312
2 0.0725 0.5225409836065574 0.14333333333333334 0.2540983606557377
2 0.14333333333333334 0.45286885245901637 0.09666666666666666 0.18442622950819673
2 0.4275 0.3831967213114754 0.08166666666666667 0.16188524590163936
0 0.24333333333333335 0.29610655737704916 0.058333333333333334 0.055327868852459015
0 0.5516666666666666 0.21311475409836064 0.051666666666666666 0.04918032786885246
0 0.15666666666666668 0.29508196721311475 0.06166666666666667 0.05327868852459016
0 0.4625 0.24282786885245902 0.051666666666666666 0.05122950819672131
2 0.4841666666666667 0.35758196721311475 0.07833333333333334 0.15368852459016394
2 0.5583333333333333 0.3094262295081967 0.075 0.10450819672131148
0 0.4091666666666667 0.26229508196721313 0.05 0.0430327868852459
2 0.3525 0.4016393442622951 0.07666666666666666 0.15778688524590165
2 0.25 0.4323770491803279 0.07333333333333333 0.1680327868852459
0 0.3541666666666667 0.2838114754098361 0.051666666666666666 0.055327868852459015
0 0.06416666666666666 0.3135245901639344 0.09833333333333333 0.0942622950819672
0 0.6158333333333333 0.19262295081967212 0.055 0.06147540983606557
0 0.0075 0.3350409836065574 0.015 0.05942622950819672
0 0.7516666666666667 0.08196721311475409 0.11833333333333333 0.11065573770491803
0 0.13083333333333333 0.3206967213114754 0.051666666666666666 0.055327868852459015
0 0.675 0.17315573770491804 0.06333333333333334 0.06352459016393443
2 0.725 0.38934426229508196 0.11333333333333333 0.18442622950819673
2 0.6308333333333334 0.2838114754098361 0.08833333333333333 0.09631147540983606
2 0.7133333333333334 0.26844262295081966 0.09666666666666666 0.09221311475409837
0 0.605 0.375 0.08333333333333333 0.125