0 0.38055555555555554 0.33125 0.1111111111111111 0.1375
0 0.5319444444444444 0.4083333333333333 0.06666666666666667 0.07083333333333333
0 0.6319444444444444 0.48125 0.08333333333333333 0.1
0 0.5902777777777778 0.44166666666666665 0.05277777777777778 0.06666666666666667
1 0.08472222222222223 0.32708333333333334 0.1388888888888889 0.22916666666666666
0 0.8638888888888889 0.47708333333333336 0.09166666666666666 0.12083333333333333
0 0.6722222222222223 0.45416666666666666 0.05277777777777778 0.07083333333333333
2 0.6138888888888889 0.7479166666666667 0.16111111111111112 0.2833333333333333
2 0.8402777777777778 0.76875 0.20833333333333334 0.4083333333333333
2 0.18333333333333332 0.6291666666666667 0.1388888888888889 0.39166666666666666
0 0.25555555555555554 0.3958333333333333 0.07777777777777778 0.125
0 0.3013888888888889 0.40208333333333335 0.058333333333333334 0.1
2 0.09722222222222222 0.6583333333333333 0.19444444444444445 0.49166666666666664