0 0.11994827586206895 0.2529495472186287 0.23293103448275862 0.24927554980595085
0 0.5139655172413794 0.2758344113842173 0.05329310344827586 0.03526520051746443
0 0.4205344827586207 0.2904915912031048 0.0285 0.02080206985769728
0 0.31953448275862073 0.28485122897800774 0.03610344827586207 0.023971539456662357
0 0.46731034482758627 0.2920569210866753 0.029189655172413793 0.02034928848641656
3 0.1657241379310345 0.7427554980595084 0.3286206896551724 0.48532988357050455
3 0.4003965517241379 0.3609831824062096 0.07679310344827586 0.10201811125485123
3 0.31218965517241376 0.343751617076326 0.042293103448275866 0.07495472186287193
3 0.5518275862068965 0.34818887451487707 0.04136206896551724 0.08971539456662354
3 0.7432931034482759 0.34569210866752914 0.07662068965517241 0.08768434670116429
3 0.48946551724137927 0.33491591203104787 0.06322413793103449 0.07761966364812418
1 0.7317931034482759 0.28388098318240623 0.04598275862068966 0.03306597671410091