2 0.139 0.42772540983606555 0.15903333333333333 0.3410450819672131
2 0.9230333333333334 0.421905737704918 0.10913333333333335 0.23374999999999999
2 0.8429166666666666 0.3697950819672131 0.07093333333333333 0.1709426229508197
2 0.5529666666666666 0.3687909836065574 0.06 0.1514344262295082
0 0.72 0.24004098360655737 0.051699999999999996 0.04397540983606558
0 0.40478333333333333 0.23061475409836066 0.045816666666666665 0.03883196721311475
0 0.8052 0.2180327868852459 0.0563 0.04016393442622951
0 0.4972333333333333 0.23883196721311475 0.04585 0.042131147540983606
2 0.49323333333333336 0.35668032786885245 0.05728333333333333 0.1426434426229508
2 0.41295000000000004 0.32696721311475413 0.06145 0.09264344262295082
0 0.5518500000000001 0.24497950819672132 0.045200000000000004 0.032438524590163935
2 0.6295999999999999 0.3687090163934426 0.05436666666666666 0.14704918032786887
2 0.7352666666666667 0.3745491803278689 0.04976666666666667 0.15889344262295083
0 0.6099833333333333 0.2539139344262295 0.04633333333333334 0.04448770491803279
0 0.8989999999999999 0.21489754098360656 0.089 0.07557377049180328
0 0.33893333333333336 0.22547131147540983 0.04811666666666667 0.05118852459016394
0 0.97625 0.22065573770491806 0.04751666666666667 0.04973360655737705
0 0.18833333333333332 0.1483811475409836 0.10698333333333333 0.08620901639344263
0 0.8342833333333334 0.2374590163934426 0.045816666666666665 0.045717213114754095
0 0.27773333333333333 0.22061475409836065 0.05648333333333334 0.052028688524590166
2 0.26189999999999997 0.4436680327868852 0.08828333333333332 0.16741803278688525
2 0.3383333333333333 0.31829918032786886 0.07666666666666666 0.07924180327868853
2 0.25444999999999995 0.32239754098360657 0.08666666666666667 0.07377049180327869
0 0.3777833333333333 0.4023155737704918 0.06666666666666667 0.11065573770491803