3 0.55690625 0.6498795180722892 0.066546875 0.11644578313253012
0 0.55540625 0.5490963855421687 0.039640625 0.03795180722891566
3 0.650578125 0.6435341365461847 0.065375 0.1205421686746988
0 0.651984375 0.5274899598393574 0.0363125 0.027570281124497994
0 0.311625 0.5828514056224899 0.037265625000000004 0.027590361445783133
0 0.22925 0.5603413654618474 0.042125 0.04502008032128514
0 0.731921875 0.533012048192771 0.04115625 0.03068273092369478
2 0.08815625 0.6594578313253012 0.043046875 0.08008032128514057
0 0.39387500000000003 0.5562449799196787 0.037765625000000004 0.030080321285140564
3 0.22571875000000002 0.6607429718875503 0.0655 0.1274698795180723
3 0.39290625 0.6620481927710843 0.06281250000000001 0.10714859437751004
3 0.7395937499999999 0.639277108433735 0.06839062500000001 0.11943775100401606
2 0.018671874999999998 0.6513453815261044 0.030656250000000003 0.04837349397590361
3 0.318640625 0.6755622489959839 0.056921875 0.09178714859437752
1 0.470984375 0.5651204819277108 0.037953125 0.048775100401606424
2 0.474328125 0.6511847389558233 0.071421875 0.11186746987951808
2 0.83146875 0.6296586345381526 0.040171875 0.06885542168674699
1 0.8264531249999999 0.572289156626506 0.01896875 0.031546184738955825
1 0.091515625 0.6009839357429719 0.029015625 0.02869477911646586
1 0.0161875 0.606706827309237 0.0234375 0.02869477911646586