0 0.44623655913978494 0.5177705977382876 0.06344086021505377 0.08562197092084006
0 0.3258064516129032 0.45718901453957994 0.06989247311827956 0.09208400646203554
0 0.22795698924731184 0.4305331179321486 0.07634408602150537 0.09208400646203554
3 0.8935483870967742 0.3432956381260097 0.2129032258064516 0.6219709208400647
0 0.08709677419354839 0.3602584814216478 0.08602150537634409 0.10339256865912763
0 0.3586021505376344 0.16478190630048464 0.05698924731182796 0.0630048465266559
0 0.33978494623655914 0.6211631663974152 0.08602150537634409 0.10823909531502424
3 0.3 0.28917609046849757 0.09032258064516129 0.19547657512116318
0 0.32741935483870965 0.7463651050080775 0.08064516129032258 0.11954765751211632
0 0.7053763440860215 0.3174474959612278 0.2086021505376344 0.3441033925686591
1 0.17096774193548386 0.6147011308562197 0.06666666666666667 0.09854604200323101
2 0.2672043010752688 0.568659127625202 0.08709677419354839 0.1841680129240711
2 0.11827956989247312 0.7124394184168013 0.08172043010752689 0.1825525040387722
2 0.3758064516129032 0.901453957996769 0.1010752688172043 0.18578352180936994