3 0.6849900793650794 0.4677777777777777 0.056664186507936476 0.06973544973544972
0 0.5690029761904761 0.3757969576719577 0.026125992063491976 0.02592923280423287
0 0.38794146825396825 0.5068783068783068 0.030637400793650738 0.025529100529100585
0 0.24075644841269842 0.38109126984126984 0.026163194444444426 0.022361111111111054
0 0.2805357142857142 0.38341600529100534 0.02465773809523808 0.023584656084656135
0 0.5188864087301587 0.38385582010582003 0.027316468253968162 0.026286375661375594
0 0.6301512896825396 0.3867129629629629 0.028918650793650746 0.023733465608465565
0 0.6821527777777777 0.39572751322751326 0.03085813492063494 0.023998015873015827
0 0.5559970238095239 0.4998214285714286 0.023360615079365044 0.02151785714285707
0 0.6019890873015872 0.5001984126984126 0.02333085317460326 0.023376322751322693
1 0.909595734126984 0.40594246031746023 0.026602182539682495 0.03930555555555548
3 0.23570436507936507 0.4684391534391534 0.04874751984126985 0.09851190476190474
0 0.3392113095238095 0.5007936507936508 0.02851438492063496 0.022867063492063504
0 0.27151041666666664 0.4908730158730159 0.02764632936507938 0.026061507936508004
3 0.2713814484126984 0.5603141534391535 0.04997767857142854 0.0625925925925926
3 0.5548363095238095 0.5667625661375661 0.04424851190476198 0.07252645502645505
1 0.0721577380952381 0.3806216931216931 0.031232638888888886 0.04275793650793647
3 0.5694221230158729 0.452880291005291 0.05020089285714291 0.06881613756613758
2 0.06678819444444445 0.4405224867724868 0.03776537698412699 0.0767956349206349
0 0.5064682539682539 0.48854828042328036 0.0204489087301587 0.024662698412698376
0 0.4791691468253968 0.3930919312169312 0.02259424603174598 0.018435846560846514
0 0.6516220238095238 0.4959788359788359 0.025019841269841248 0.027658730158730105
3 0.44708085317460317 0.5634391534391534 0.04899801587301589 0.06595568783068788
3 0.43314732142857143 0.47774470899470894 0.044414682539682504 0.09415674603174606
3 0.475984623015873 0.46210317460317457 0.04356398809523809 0.059289021164021204
3 0.5047048611111111 0.5610846560846561 0.04764632936507934 0.06883267195767188
3 0.3312202380952381 0.5660945767195766 0.04620287698412695 0.06120370370370365
3 0.2819866071428571 0.45148148148148143 0.04541914682539683 0.05266534391534394
2 0.9144270833333332 0.4690079365079365 0.04618055555555545 0.08688161375661381
3 0.38462301587301584 0.5670502645502645 0.040597718253968296 0.059394841269841216
0 0.3317212301587301 0.39351851851851855 0.02852182539682535 0.023148148148148213
0 0.3831845238095238 0.39765211640211634 0.027281746031746046 0.024801587301587286
0 0.43030753968253965 0.3902116402116402 0.024801587301587324 0.02645502645502651
3 0.6256200396825397 0.4538690476190476 0.050843253968253954 0.061177248677248684
3 0.32800099206349204 0.4604828042328042 0.04588293650793651 0.06448412698412698
3 0.38132440476190477 0.4613095238095238 0.04340277777777779 0.0661375661375662
3 0.6063988095238095 0.5654761904761905 0.04712301587301582 0.06944444444444449
3 0.6553819444444444 0.5654761904761905 0.050843253968253954 0.07275132275132279
3 0.5189732142857143 0.45469576719576715 0.04588293650793651 0.05952380952380946