2 0.4409090909090909 0.40846994535519127 0.14 0.2923497267759563
0 0.4490909090909091 0.15710382513661203 0.07818181818181819 0.08469945355191257
0 0.5681818181818182 0.2226775956284153 0.06909090909090909 0.09016393442622951
0 0.7545454545454545 0.20901639344262296 0.08181818181818182 0.09016393442622951
0 0.6545454545454545 0.21994535519125682 0.07818181818181819 0.09562841530054644
0 0.2081818181818182 0.1133879781420765 0.08 0.07650273224043716
2 0.6681818181818182 0.43579234972677594 0.1 0.21584699453551912
2 0.17636363636363636 0.3251366120218579 0.14 0.25136612021857924
3 0.33 0.3770491803278688 0.10909090909090909 0.22131147540983606
0 0.3336363636363636 0.1885245901639344 0.07272727272727272 0.10109289617486339
0 0.3236363636363636 0.11748633879781421 0.05818181818181818 0.07103825136612021
0 0.37 0.1557377049180328 0.04363636363636364 0.05737704918032787
0 0.7 0.24453551912568305 0.045454545454545456 0.09562841530054644
0 0.4909090909090909 0.25 0.06727272727272728 0.10655737704918032
0 0.8090909090909091 0.2459016393442623 0.06727272727272728 0.08743169398907104
0 0.8545454545454545 0.2827868852459016 0.06363636363636363 0.13387978142076504
2 0.889090909090909 0.38934426229508196 0.05272727272727273 0.13387978142076504
2 0.7709090909090909 0.46311475409836067 0.11636363636363636 0.2896174863387978