3 0.5203 0.09513368983957218 0.12052 0.19026737967914437
3 0.0601 0.712139037433155 0.1202 0.43521390374331553
2 0.8893 0.7404812834224599 0.2214 0.47754010695187166
1 0.09808 0.16254010695187165 0.12568000000000001 0.22144385026737967
1 0.6316 0.36735294117647055 0.0855 0.10197860962566845
0 0.35872000000000004 0.6486096256684493 0.13512000000000002 0.15620320855614975
0 0.5378999999999999 0.7951069518716578 0.1179 0.13510695187165775
1 0.62158 0.5783957219251337 0.07894 0.10975935828877005
1 0.8342200000000001 0.37855614973262036 0.15474000000000002 0.21671122994652406
1 0.54632 0.44681818181818184 0.07158 0.09427807486631015
3 0.71316 0.09922459893048129 0.15052000000000001 0.1984224598930481