0 0.1993125 0.37893181818181815 0.03728125 0.03390909090909091
1 0.409 0.8846590909090909 0.1829375 0.23068181818181818
0 0.156953125 0.7225454545454546 0.101296875 0.10818181818181818
1 0.40225 0.6829772727272727 0.121296875 0.14784090909090908
2 0.894703125 0.8147727272727273 0.210578125 0.3619318181818182
1 0.568359375 0.8245681818181818 0.119140625 0.22586363636363635
0 0.856453125 0.5085227272727273 0.134765625 0.15056818181818182
1 0.08984375 0.6590909090909091 0.072265625 0.09090909090909091
0 0.50928125 0.2471590909090909 0.022468750000000003 0.028409090909090908
3 0.524421875 0.3075227272727273 0.02734375 0.07245454545454545
0 0.4243125 0.31677272727272726 0.016609375000000003 0.02556818181818182
0 0.4086875 0.30327272727272725 0.016609375000000003 0.027000000000000003
0 0.329109375 0.48154545454545455 0.0234375 0.036931818181818184