0 0.5463636363636364 0.614441416893733 0.03090909090909091 0.0326975476839237
0 0.6309090909090909 0.5994550408719346 0.025454545454545455 0.02452316076294278
3 0.4672727272727273 0.6539509536784741 0.04363636363636364 0.07901907356948229
0 0.47454545454545455 0.5967302452316077 0.025454545454545455 0.02452316076294278
1 0.08545454545454545 0.2438692098092643 0.03090909090909091 0.04904632152588556
1 0.13363636363636364 0.2656675749318801 0.02727272727272727 0.043596730245231606
1 0.16272727272727272 0.28337874659400547 0.023636363636363636 0.04087193460490463
1 0.21545454545454545 0.3079019073569482 0.025454545454545455 0.03814713896457766
1 0.1990909090909091 0.39645776566757496 0.023636363636363636 0.035422343324250684
1 0.057272727272727274 0.25204359673024523 0.034545454545454546 0.051771117166212535
0 0.5681818181818182 0.5831062670299727 0.014545454545454545 0.01907356948228883
3 0.5463636363636364 0.662125340599455 0.02727272727272727 0.0653950953678474
3 0.5736363636363636 0.6321525885558583 0.025454545454545455 0.05722070844686648
1 0.5972727272727273 0.6021798365122616 0.014545454545454545 0.021798365122615803