3 0.31494140625 0.4677734375 0.056640625 0.06966145833333333
0 0.430908203125 0.3756510416666667 0.0263671875 0.026041666666666668
0 0.612060546875 0.5068359375 0.03076171875 0.025390625
0 0.75927734375 0.3811848958333333 0.0263671875 0.022135416666666668
0 0.719482421875 0.3834635416666667 0.0244140625 0.0234375
0 0.481201171875 0.3837890625 0.02734375 0.026041666666666668
0 0.369873046875 0.38671875 0.02880859375 0.0234375
0 0.31787109375 0.3958333333333333 0.03076171875 0.024088541666666668
0 0.444091796875 0.4996744791666667 0.0234375 0.021484375
0 0.39794921875 0.5003255208333334 0.0234375 0.0234375
1 0.09033203125 0.4059244791666667 0.0263671875 0.0390625
3 0.764404296875 0.4684244791666667 0.048828125 0.09830729166666667
0 0.660888671875 0.5006510416666666 0.0283203125 0.022786458333333332
0 0.728515625 0.4908854166666667 0.02783203125 0.026041666666666668
3 0.728515625 0.5602213541666666 0.0498046875 0.0625
3 0.445068359375 0.5667317708333334 0.04443359375 0.072265625
1 0.927734375 0.3805338541666667 0.03125 0.04296875
3 0.4306640625 0.4527994791666667 0.05029296875 0.06901041666666667
2 0.93310546875 0.4404296875 0.03759765625 0.07682291666666667
0 0.49365234375 0.4886067708333333 0.0205078125 0.024739583333333332
0 0.520751953125 0.3932291666666667 0.0224609375 0.018229166666666668
0 0.348388671875 0.49609375 0.02490234375 0.02734375
3 0.552978515625 0.5634765625 0.048828125 0.06575520833333333
3 0.56689453125 0.4778645833333333 0.04443359375 0.09440104166666667
3 0.52392578125 0.4622395833333333 0.04345703125 0.059244791666666664
3 0.495361328125 0.5611979166666666 0.0478515625 0.06901041666666667
3 0.668701171875 0.5660807291666666 0.04638671875 0.061197916666666664
3 0.718017578125 0.4514973958333333 0.04541015625 0.052734375
2 0.085693359375 0.4690755208333333 0.04638671875 0.08658854166666667
3 0.615478515625 0.5670572916666666 0.04052734375 0.059244791666666664
0 0.668212890625 0.3935546875 0.0283203125 0.0234375
0 0.61669921875 0.3977864583333333 0.02734375 0.024739583333333332
0 0.569580078125 0.3902994791666667 0.02490234375 0.026692708333333332
3 0.374267578125 0.4537760416666667 0.05078125 0.061197916666666664
3 0.672119140625 0.4606119791666667 0.0458984375 0.064453125
3 0.61865234375 0.4612630208333333 0.04345703125 0.06640625
3 0.3935546875 0.5654296875 0.04736328125 0.06966145833333333
3 0.3447265625 0.5654296875 0.05078125 0.07291666666666667
3 0.48095703125 0.4547526041666667 0.0458984375 0.059244791666666664