2 0.83875 0.6533333333333333 0.115 0.22
2 0.71 0.6116666666666667 0.0725 0.14333333333333334
0 0.44375 0.4583333333333333 0.045 0.043333333333333335
0 0.775 0.4633333333333333 0.0475 0.03666666666666667
0 0.70875 0.4766666666666667 0.06 0.05333333333333334
0 0.85375 0.44166666666666665 0.05 0.04
0 0.53875 0.48 0.0475 0.04666666666666667
0 0.40125 0.465 0.0375 0.043333333333333335
0 0.34375 0.45666666666666667 0.04 0.03666666666666667
0 0.62125 0.45666666666666667 0.05 0.05333333333333334
2 0.63 0.5983333333333334 0.075 0.16
0 0.82625 0.4716666666666667 0.07 0.06
2 0.455 0.575 0.055 0.14333333333333334
0 0.2525 0.4716666666666667 0.025 0.023333333333333334
0 0.21625 0.49833333333333335 0.0225 0.023333333333333334
2 0.2125 0.5533333333333333 0.0375 0.05333333333333334
0 0.31625 0.4716666666666667 0.025 0.02
2 0.54 0.5866666666666667 0.065 0.11666666666666667
2 0.35375 0.5516666666666666 0.05 0.10666666666666667
2 0.40875 0.5633333333333334 0.045 0.11
0 0.2725 0.4816666666666667 0.02 0.02666666666666667
1 0.05 0.4683333333333333 0.0725 0.09666666666666666