3 0.4054388133498146 0.8342245989304813 0.0865265760197775 0.1657754010695187
3 0.5030902348578492 0.8146167557932263 0.10754017305315204 0.21746880570409982
0 0.622991347342398 0.6221033868092691 0.0407911001236094 0.0427807486631016
0 0.377008652657602 0.7067736185383244 0.0519159456118665 0.06060606060606061
0 0.4894932014833127 0.6639928698752228 0.07045735475896168 0.10873440285204991
0 0.7756489493201484 0.43315508021390375 0.08899876390605686 0.10338680926916222
3 0.7639060568603214 0.6737967914438503 0.16069221260815822 0.27629233511586454
0 0.20457354758961682 0.0053475935828877 0.023485784919653894 0.0106951871657754
3 0.6322620519159456 0.7165775401069518 0.04449938195302843 0.11229946524064172
3 0.3522867737948084 0.8493761140819964 0.0519159456118665 0.12121212121212122
3 0.3158220024721879 0.8591800356506238 0.032138442521631644 0.10338680926916222
0 0.30902348578491967 0.7754010695187166 0.022249690976514216 0.035650623885918005
0 0.3479604449938195 0.7611408199643493 0.023485784919653894 0.0374331550802139
0 0.26637824474660077 0.8057040998217468 0.019777503090234856 0.03208556149732621