2 0.7723773584905661 0.35584192439862544 0.049773584905660376 0.15243986254295533
2 0.469188679245283 0.41312714776632303 0.053867924528301886 0.1442955326460481
0 0.7693018867924528 0.22807560137457047 0.040132075471698114 0.04271477663230241
0 0.8583773584905661 0.217319587628866 0.03313207547169811 0.03893470790378007
2 0.8582264150943396 0.3451890034364261 0.05877358490566038 0.13288659793814434
0 0.1979245283018868 0.30305841924398624 0.06990566037735849 0.12910652920962198
2 0.6929056603773585 0.33615120274914084 0.04766037735849057 0.10890034364261168
2 0.6407547169811321 0.3759450171821306 0.04226415094339622 0.11958762886597937
2 0.2962264150943396 0.3752577319587629 0.04 0.1127147766323024
2 0.33924528301886797 0.3979381443298969 0.03547169811320755 0.11958762886597937
2 0.38754716981132076 0.41649484536082476 0.04150943396226415 0.12920962199312716
2 0.5969811320754717 0.31958762886597936 0.03018867924528302 0.08934707903780069
2 0.5241509433962265 0.38900343642611684 0.02339622641509434 0.09072164948453608
0 0.5433962264150943 0.29759450171821306 0.027169811320754716 0.048109965635738834
0 0.4743396226415094 0.2934707903780069 0.027924528301886794 0.05360824742268041
0 0.4056603773584906 0.32646048109965636 0.026415094339622643 0.06735395189003437
0 0.44075471698113206 0.23642611683848797 0.028679245283018868 0.0577319587628866
0 0.4758490566037736 0.2219931271477663 0.033962264150943396 0.0563573883161512
0 0.5860377358490566 0.23367697594501718 0.033962264150943396 0.05223367697594501
0 0.6335849056603774 0.2769759450171821 0.0369811320754717 0.05085910652920962
0 0.6735849056603773 0.2501718213058419 0.024905660377358488 0.04398625429553265
0 0.7188679245283018 0.2529209621993127 0.03245283018867924 0.04673539518900344
0 0.9007547169811321 0.2694158075601375 0.03245283018867924 0.05223367697594501
0 0.9456603773584905 0.2219931271477663 0.03471698113207547 0.04536082474226804
0 0.5362264150943395 0.24054982817869416 0.030943396226415093 0.03848797250859106
0 0.35283018867924526 0.2350515463917526 0.030943396226415093 0.030240549828178698
0 0.3475471698113207 0.2625429553264605 0.033962264150943396 0.041237113402061855
0 0.34490566037735854 0.3003436426116839 0.03471698113207547 0.048109965635738834
0 0.29245283018867924 0.23367697594501718 0.030943396226415093 0.03848797250859106
0 0.300377358490566 0.281786941580756 0.027169811320754716 0.04948453608247423
0 0.699245283018868 0.2316151202749141 0.03245283018867924 0.05085910652920962