2 0.7764150943396226 0.38144329896907214 0.05471698113207547 0.15807560137457044
2 0.4716981132075472 0.4106529209621993 0.05849056603773585 0.14776632302405499
0 0.7764150943396226 0.2542955326460481 0.04150943396226415 0.048109965635738834
0 0.8660377358490566 0.25257731958762886 0.033962264150943396 0.041237113402061855
2 0.8622641509433963 0.3797250859106529 0.062264150943396226 0.13745704467353953
0 0.2037735849056604 0.27491408934707906 0.07358490566037736 0.13402061855670103
2 0.6971698113207547 0.3539518900343643 0.0509433962264151 0.1134020618556701
2 0.6443396226415095 0.3900343642611684 0.045283018867924525 0.12371134020618557
2 0.3 0.3556701030927835 0.04339622641509434 0.11683848797250859
2 0.3424528301886792 0.38316151202749144 0.03962264150943396 0.12371134020618557
2 0.3905660377358491 0.4054982817869416 0.045283018867924525 0.13402061855670103
2 0.6018867924528302 0.32989690721649484 0.03207547169811321 0.09278350515463918
2 0.5273584905660378 0.3917525773195876 0.026415094339622643 0.09278350515463918
0 0.5490566037735849 0.3024054982817869 0.02830188679245283 0.05154639175257732
0 0.480188679245283 0.2920962199312715 0.03018867924528302 0.054982817869415807
0 0.41037735849056606 0.3178694158075601 0.02830188679245283 0.06872852233676977
0 0.4481132075471698 0.23195876288659795 0.03018867924528302 0.061855670103092786
0 0.4839622641509434 0.21993127147766323 0.035849056603773584 0.058419243986254296
0 0.5933962264150944 0.2422680412371134 0.035849056603773584 0.054982817869415807
0 0.6396226415094339 0.29037800687285226 0.03773584905660377 0.054982817869415807
0 0.680188679245283 0.2663230240549828 0.026415094339622643 0.044673539518900345
0 0.7254716981132076 0.27491408934707906 0.033962264150943396 0.048109965635738834
0 0.9066037735849056 0.3075601374570447 0.033962264150943396 0.054982817869415807
0 0.9528301886792453 0.2646048109965636 0.035849056603773584 0.048109965635738834
0 0.5433962264150943 0.24398625429553264 0.03207547169811321 0.041237113402061855
0 0.360377358490566 0.22164948453608246 0.03207547169811321 0.03436426116838488
0 0.35471698113207545 0.24914089347079038 0.035849056603773584 0.044673539518900345
0 0.35094339622641507 0.2852233676975945 0.035849056603773584 0.05154639175257732
0 0.3 0.21477663230240548 0.03207547169811321 0.041237113402061855
0 0.30660377358490565 0.26288659793814434 0.02830188679245283 0.05154639175257732
0 0.7066037735849057 0.2508591065292096 0.033962264150943396 0.054982817869415807