0 0.7921875 0.3409090909090909 0.0390625 0.038636363636363635
1 0.6140625 0.8715909090909091 0.1953125 0.25227272727272726
0 0.8546875 0.678409090909091 0.1078125 0.12045454545454545
1 0.60859375 0.6704545454545454 0.1296875 0.16363636363636364
2 0.125 0.8352272727272727 0.23125 0.32954545454545453
1 0.4515625 0.8318181818181818 0.1328125 0.2409090909090909
0 0.1453125 0.553409090909091 0.14375 0.16818181818181818
1 0.91796875 0.6068181818181818 0.078125 0.1
0 0.47578125 0.24886363636363637 0.0234375 0.031818181818181815
3 0.4640625 0.31136363636363634 0.03125 0.075
0 0.5640625 0.3079545454545455 0.01875 0.02727272727272727
0 0.57890625 0.29204545454545455 0.01875 0.029545454545454545
0 0.66875 0.4602272727272727 0.025 0.038636363636363635