2 0.21832 0.3627544910179641 0.06862 0.1081437125748503
0 0.07845999999999999 0.21967065868263475 0.03588 0.03985029940119761
2 0.33432 0.41679640718562877 0.13390000000000002 0.2479640718562874
0 0.16090000000000002 0.25491017964071855 0.034 0.03541916167664671
0 0.18880000000000002 0.23104790419161678 0.03778 0.042544910179640724
2 0.6174 0.4285928143712575 0.11048000000000001 0.2014670658682635
0 0.78492 0.21862275449101795 0.07972 0.0838622754491018
2 0.16536 0.3264071856287425 0.05868 0.08844311377245509
0 0.92974 0.27658682634730536 0.026019999999999998 0.03095808383233533
0 0.3519 0.18176646706586827 0.06572 0.0727245508982036
0 0.49428 0.4590718562874252 0.07238 0.08553892215568862
0 0.39380000000000004 0.26233532934131737 0.05428 0.0655688622754491
0 0.21 0.26802395209580837 0.03524 0.05419161676646707
2 0.76048 0.46619760479041916 0.1362 0.2908383233532934
1 0.62524 0.26233532934131737 0.06762 0.09979041916167664