0 0.5788701298701299 0.35385964912280704 0.13854545454545455 0.13169590643274853
0 0.7862857142857144 0.32692007797270956 0.16890909090909093 0.1632748538011696
0 0.4238051948051948 0.38333333333333336 0.1144935064935065 0.09489278752436647
3 0.8025584415584416 0.762046783625731 0.2399090909090909 0.40210526315789474
1 0.16572727272727272 0.4457504873294347 0.04611688311688311 0.0845224171539961
3 0.4391038961038961 0.6883040935672515 0.13041558441558443 0.3617738791423002
3 0.5885844155844155 0.7463157894736843 0.15492207792207793 0.4678362573099415
3 0.33394805194805194 0.6676413255360624 0.08349350649350651 0.3132748538011696
3 0.26206493506493506 0.6502339181286549 0.06401298701298701 0.26177387914230016
3 0.21614285714285716 0.6467641325536063 0.03338961038961039 0.25202729044834304
2 0.17857142857142858 0.5861793372319688 0.045454545454545456 0.17543859649122806
0 0.3334935064935065 0.38290448343079925 0.08255844155844155 0.09467836257309942
0 0.26576623376623376 0.4163157894736842 0.077 0.08354775828460038
0 0.21196103896103896 0.4065692007797271 0.03803896103896104 0.05569200779727095