2 0.8425 0.6366666666666667 0.1225 0.22333333333333333
2 0.7125 0.6033333333333334 0.0775 0.14666666666666667
0 0.4425 0.46 0.045 0.04666666666666667
0 0.77375 0.45 0.05 0.04
0 0.70875 0.4683333333333333 0.0625 0.05333333333333334
0 0.85125 0.425 0.05 0.04
0 0.53875 0.47833333333333333 0.0475 0.05
0 0.40125 0.4683333333333333 0.0375 0.043333333333333335
0 0.34375 0.465 0.04 0.03666666666666667
0 0.62 0.45166666666666666 0.0525 0.056666666666666664
2 0.6325 0.5916666666666667 0.0775 0.16333333333333333
0 0.82625 0.45666666666666667 0.07 0.06333333333333334
2 0.45625 0.5766666666666667 0.06 0.14333333333333334
0 0.25125 0.48333333333333334 0.0275 0.02666666666666667
0 0.21625 0.5116666666666667 0.0225 0.023333333333333334
2 0.21375 0.5666666666666667 0.04 0.056666666666666664
0 0.315 0.48 0.0275 0.023333333333333334
2 0.54125 0.585 0.0675 0.12
2 0.35625 0.5583333333333333 0.0525 0.10666666666666667
2 0.41 0.5683333333333334 0.0475 0.11333333333333333
0 0.2725 0.49166666666666664 0.0225 0.02666666666666667
1 0.05 0.48833333333333334 0.075 0.1