3 0.253802541544477 0.8173136645962733 0.13834799608993156 0.35080745341614905
0 0.5965591397849462 0.4245496894409938 0.08676441837732161 0.12711180124223603
0 0.7880058651026393 0.2619099378881987 0.09195503421309872 0.09495341614906833
3 0.7343695014662757 0.44759316770186336 0.15903225806451612 0.15260869565217391
2 0.13910068426197458 0.13501552795031058 0.05721407624633431 0.11274844720496895
3 0.3964516129032258 0.6864906832298137 0.11068426197458456 0.2690527950310559
0 0.45066471163245353 0.4582298136645963 0.07633431085043989 0.10211180124223604
0 0.3148875855327468 0.5195031055900621 0.08103616813294233 0.09631987577639751
3 0.5403030303030303 0.6444099378881988 0.12440860215053763 0.27243788819875775
2 0.05243401759530792 0.13622670807453416 0.04265884652981427 0.10304347826086957
1 0.04709677419354839 0.05082298136645962 0.03377321603128054 0.062111801242236024
1 0.14173998044965788 0.051521739130434785 0.02932551319648094 0.04940993788819876
1 0.7744574780058651 0.5575931677018633 0.09686217008797654 0.12987577639751552