0 0.5505376344086022 0.5339256865912763 0.06774193548387097 0.09531502423263329
0 0.6763440860215054 0.5129240710823909 0.07526881720430108 0.10177705977382875
0 0.7752688172043011 0.5169628432956381 0.08172043010752689 0.10177705977382875
3 0.13118279569892474 0.27221324717285944 0.2623655913978495 0.5444264943457189
0 0.9236559139784947 0.4927302100161551 0.0913978494623656 0.1147011308562197
0 0.6844086021505377 0.21567043618739903 0.060215053763440864 0.07108239095315025
0 0.6397849462365591 0.6688206785137318 0.09247311827956989 0.11954765751211632
3 0.7247311827956989 0.3562197092084006 0.1032258064516129 0.20678513731825526
0 0.6349462365591397 0.7948303715670436 0.08817204301075268 0.12924071082390953
0 0.3241935483870968 0.2568659127625202 0.22903225806451613 0.3715670436187399
1 0.8059139784946237 0.715670436187399 0.07311827956989247 0.10823909531502424
2 0.7182795698924731 0.6397415185783522 0.0978494623655914 0.1938610662358643
2 0.8435483870967742 0.827140549273021 0.09247311827956989 0.19224555735056542
2 0.5655913978494623 0.9159935379644588 0.11182795698924732 0.1680129240710824