3 0.5735475896168108 0.8449197860962567 0.08776266996291718 0.16755793226381463
3 0.4783683559950556 0.8128342245989305 0.1100123609394314 0.2192513368983957
0 0.37021013597033375 0.6060606060606061 0.0407911001236094 0.044563279857397504
0 0.6100123609394313 0.7210338680926917 0.05315203955500618 0.062388591800356503
0 0.5006180469715699 0.6648841354723708 0.07169344870210136 0.11051693404634581
0 0.22991347342398022 0.3983957219251337 0.09023485784919653 0.10695187165775401
3 0.22620519159456118 0.6399286987522281 0.16440049443757726 0.2798573975044563
0 0.8238566131025958 0.0374331550802139 0.023485784919653894 0.024955436720142603
3 0.3547589616810878 0.6987522281639929 0.04573547589616811 0.1140819964349376
3 0.6260815822002472 0.8672014260249554 0.05315203955500618 0.12121212121212122
3 0.6619283065512979 0.8805704099821747 0.03337453646477132 0.10338680926916222
0 0.6736711990111248 0.7985739750445633 0.023485784919653894 0.035650623885918005
0 0.6359703337453646 0.7789661319073083 0.024721878862793572 0.0392156862745098
0 0.7144622991347342 0.8342245989304813 0.021013597033374538 0.0338680926916221