3 0.501 0.0962566844919786 0.13 0.1925133689839572
3 0.928 0.7526737967914439 0.142 0.446524064171123
2 0.111 0.7032085561497327 0.222 0.49732620320855614
1 0.919 0.20053475935828877 0.136 0.232620320855615
1 0.376 0.35561497326203206 0.09 0.10962566844919786
0 0.633 0.6617647058823529 0.142 0.16844919786096257
0 0.447 0.7914438502673797 0.124 0.14705882352941177
1 0.375 0.5668449197860963 0.084 0.11764705882352941
1 0.173 0.34759358288770054 0.166 0.22994652406417113
1 0.457 0.4425133689839572 0.076 0.10160427807486631
3 0.308 0.09224598930481283 0.16 0.18449197860962566