0 0.6528613861386139 0.34452506596306065 0.03523762376237624 0.02899736147757256
2 0.28856435643564354 0.5144591029023746 0.057940594059405943 0.19985488126649079
0 0.2814851485148515 0.3766754617414248 0.03930693069306931 0.028786279683377308
0 0.21803960396039604 0.3579551451187335 0.046564356435643564 0.0362664907651715
0 0.15766336633663366 0.3576517150395779 0.04824752475247524 0.04050131926121372
0 0.7155445544554456 0.36455145118733506 0.04159405940594059 0.03689973614775725
0 0.8992772277227723 0.3229683377308707 0.052118811881188117 0.04857519788918206
0 0.07801980198019802 0.3694986807387863 0.06051485148514851 0.050686015831134565
0 0.5092574257425743 0.372730870712401 0.03182178217821782 0.0287467018469657
0 0.3536435643564356 0.3885751978891821 0.03456435643564356 0.027387862796833775
0 0.7972376237623763 0.38001319261213723 0.0457029702970297 0.03713720316622691
0 0.5649108910891089 0.37030343007915567 0.03450495049504951 0.03405013192612137
2 0.3575841584158416 0.5202374670184696 0.0804059405940594 0.1862269129287599
0 0.9474752475247525 0.3713456464379947 0.040762376237623764 0.041978891820580476
2 0.4381782178217822 0.5074538258575197 0.06712871287128713 0.19416886543535622
0 0.6697227722772277 0.37810026385224277 0.03337623762376238 0.0279155672823219
0 0.4394950495049505 0.3605936675461741 0.034099009900990095 0.03224274406332454