0 0.4509090909090909 0.611716621253406 0.03090909090909091 0.0326975476839237
0 0.3663636363636364 0.5926430517711172 0.025454545454545455 0.021798365122615803
3 0.5290909090909091 0.6553133514986376 0.04181818181818182 0.07629427792915532
0 0.5236363636363637 0.5980926430517711 0.025454545454545455 0.02452316076294278
1 0.9209090909090909 0.2656675749318801 0.03090909090909091 0.04904632152588556
1 0.8709090909090909 0.2847411444141689 0.025454545454545455 0.04087193460490463
1 0.8418181818181818 0.3010899182561308 0.023636363636363636 0.03814713896457766
1 0.7890909090909091 0.3228882833787466 0.025454545454545455 0.035422343324250684
1 0.8027272727272727 0.4114441416893733 0.023636363636363636 0.035422343324250684
1 0.9481818181818182 0.27520435967302453 0.03272727272727273 0.051771117166212535
0 0.43 0.5803814713896458 0.014545454545454545 0.01907356948228883
3 0.45 0.6607629427792916 0.02727272727272727 0.06267029972752043
3 0.42363636363636364 0.6280653950953679 0.023636363636363636 0.05722070844686648
1 0.4 0.5967302452316077 0.012727272727272728 0.021798365122615803