3 0.516 0.09893048128342247 0.136 0.19786096256684493
3 0.917 0.7780748663101604 0.158 0.44385026737967914
2 0.112 0.6751336898395722 0.224 0.5106951871657754
1 0.929 0.22994652406417113 0.142 0.24064171122994651
1 0.381 0.3462566844919786 0.094 0.11497326203208556
0 0.627 0.6711229946524064 0.148 0.17647058823529413
0 0.435 0.786096256684492 0.13 0.15240641711229946
1 0.372 0.5574866310160428 0.088 0.12299465240641712
1 0.179 0.32486631016042783 0.174 0.24064171122994651
1 0.459 0.43983957219251335 0.08 0.10427807486631016
3 0.324 0.08823529411764706 0.168 0.17647058823529413