2 0.23222222222222222 0.4796875 0.10222222222222223 0.16875
0 0.6255555555555555 0.25 0.14 0.128125
3 0.6466666666666666 0.6546875 0.24444444444444444 0.484375
1 0.4288888888888889 0.3171875 0.05555555555555555 0.078125
1 0.22444444444444445 0.3375 0.06666666666666667 0.1125
1 0.07777777777777778 0.5421875 0.14222222222222222 0.228125
1 0.0811111111111111 0.3984375 0.13111111111111112 0.140625
1 0.8822222222222222 0.25 0.2288888888888889 0.3875
2 0.8755555555555555 0.7203125 0.24888888888888888 0.490625
2 0.08888888888888889 0.8421875 0.15555555555555556 0.315625
2 0.18888888888888888 0.765625 0.10888888888888888 0.4125
2 0.45666666666666667 0.4765625 0.11777777777777777 0.246875