3 0.727761485826002 0.8330745341614907 0.1573802541544477 0.3338509316770186
0 0.40811339198435975 0.4114906832298137 0.093841642228739 0.13819875776397517
0 0.2262952101661779 0.22282608695652173 0.0967741935483871 0.10714285714285714
3 0.26930596285434993 0.41537267080745344 0.16715542521994134 0.17391304347826086
2 0.8797653958944281 0.18633540372670807 0.0635386119257087 0.11956521739130435
3 0.5928641251221897 0.7003105590062112 0.12512218963831867 0.2826086956521739
0 0.5513196480938416 0.46506211180124224 0.08211143695014662 0.11180124223602485
0 0.6832844574780058 0.5450310559006211 0.08602150537634409 0.10714285714285714
3 0.4521016617790811 0.6381987577639752 0.13880742913000976 0.2888198757763975
2 0.9657869012707723 0.19953416149068323 0.047898338220918865 0.10869565217391304
1 0.9760508308895406 0.11490683229813664 0.03714565004887586 0.06677018633540373
1 0.8817204301075269 0.10248447204968944 0.03225806451612903 0.052795031055900624
1 0.2233626588465298 0.5194099378881988 0.10361681329423265 0.14285714285714285