0 0.44181818181818183 0.6023433242506812 0.027981818181818184 0.027765667574931877
0 0.3602181818181818 0.5677656675749319 0.023363636363636364 0.018038147138964577
3 0.5161636363636364 0.6592098092643052 0.03689090909090909 0.0711716621253406
0 0.5150545454545454 0.6020435967302452 0.024527272727272727 0.020326975476839235
1 0.9363636363636364 0.3446866485013624 0.02727272727272727 0.043596730245231606
1 0.8859090909090909 0.3542234332425068 0.022727272727272728 0.03814713896457766
1 0.8554545454545455 0.3651226158038147 0.02 0.035422343324250684
1 0.8013636363636364 0.3773841961852861 0.022727272727272728 0.0326975476839237
1 0.8077272727272727 0.46798365122615804 0.02090909090909091 0.031335149863760216
1 0.9631818181818181 0.3583106267029973 0.03 0.04632152588555858
0 0.4240909090909091 0.5667574931880109 0.013636363636363636 0.01634877384196185
3 0.43727272727272726 0.6498637602179836 0.02181818181818182 0.05994550408719346
3 0.41363636363636364 0.6130790190735694 0.02 0.05449591280653951
1 0.3931818181818182 0.5776566757493188 0.011818181818181818 0.01907356948228883