2 0.4263636363636364 0.43579234972677594 0.15818181818181817 0.3087431693989071
0 0.3881818181818182 0.1912568306010929 0.08363636363636363 0.09562841530054644
0 0.5145454545454545 0.20491803278688525 0.07272727272727272 0.09836065573770492
0 0.6918181818181818 0.11475409836065574 0.08545454545454545 0.10109289617486339
0 0.5972727272727273 0.16666666666666666 0.08181818181818182 0.10655737704918032
0 0.1481818181818182 0.25 0.08363636363636363 0.08743169398907104
2 0.65 0.36885245901639346 0.11272727272727273 0.226775956284153
2 0.15636363636363637 0.4672131147540984 0.15454545454545454 0.2677595628415301
3 0.31363636363636366 0.4521857923497268 0.12181818181818181 0.23497267759562843
0 0.2827272727272727 0.2691256830601093 0.07818181818181819 0.1092896174863388
0 0.26 0.2062841530054645 0.06181818181818182 0.07923497267759563
0 0.3118181818181818 0.2226775956284153 0.04727272727272727 0.06284153005464481
0 0.6454545454545455 0.1721311475409836 0.05090909090909091 0.10109289617486339
0 0.44545454545454544 0.26366120218579236 0.07272727272727272 0.11475409836065574
0 0.75 0.1284153005464481 0.07272727272727272 0.09562841530054644
0 0.8009090909090909 0.1448087431693989 0.07272727272727272 0.13934426229508196
2 0.8536363636363636 0.23224043715846995 0.06 0.13934426229508196
2 0.7536363636363637 0.3524590163934426 0.13454545454545455 0.3005464480874317