2 0.5641272727272727 0.41598360655737704 0.12507272727272728 0.2778415300546448
0 0.5701818181818182 0.16480874316939892 0.0748 0.07527322404371585
0 0.4483090909090909 0.21426229508196723 0.0645090909090909 0.08112021857923497
0 0.26281818181818184 0.17737704918032787 0.0766 0.0814207650273224
0 0.3623636363636364 0.20103825136612022 0.07269090909090908 0.08685792349726776
0 0.8132363636363635 0.153224043715847 0.07734545454545455 0.0653551912568306
2 0.33640000000000003 0.41418032786885245 0.08832727272727273 0.20636612021857922
2 0.8327272727272728 0.36885245901639346 0.12727272727272726 0.23497267759562843
3 0.6768181818181818 0.40027322404371585 0.09727272727272727 0.2103825136612022
0 0.6840909090909091 0.21106557377049182 0.06818181818181818 0.09153005464480875
0 0.6981818181818182 0.14275956284153005 0.05454545454545454 0.06420765027322405
0 0.6495454545454545 0.17418032786885246 0.04090909090909091 0.05327868852459016
0 0.31545454545454543 0.2192622950819672 0.04 0.09153005464480875
0 0.5231818181818182 0.2527322404371585 0.060909090909090906 0.09836065573770492
0 0.20727272727272728 0.2062841530054645 0.06363636363636363 0.07923497267759563
0 0.15954545454545455 0.23770491803278687 0.057272727272727274 0.12568306010928962
2 0.11863636363636364 0.33879781420765026 0.04454545454545455 0.1284153005464481
2 0.23265454545454545 0.4284153005464481 0.10114545454545455 0.2765573770491803