2 0.213 0.39221556886227543 0.074 0.11377245508982035
0 0.066 0.26497005988023953 0.038 0.04491017964071856
2 0.331 0.4341317365269461 0.146 0.26047904191616766
0 0.15 0.2904191616766467 0.036 0.038922155688622756
0 0.177 0.2634730538922156 0.04 0.04491017964071856
2 0.614 0.4161676646706587 0.12 0.2125748502994012
0 0.771 0.19011976047904192 0.084 0.09281437125748503
2 0.158 0.36227544910179643 0.062 0.09580838323353294
0 0.918 0.23203592814371257 0.028 0.03293413173652695
0 0.337 0.19760479041916168 0.068 0.08083832335329341
0 0.492 0.4595808383233533 0.076 0.09281437125748503
0 0.383 0.27395209580838326 0.058 0.0718562874251497
0 0.2 0.2994011976047904 0.038 0.05688622754491018
2 0.758 0.43862275449101795 0.15 0.30538922155688625
1 0.614 0.25 0.072 0.10778443113772455