2 0.795 0.468562874251497 0.084 0.12874251497005987
0 0.954 0.38023952095808383 0.042 0.05089820359281437
2 0.674 0.47904191616766467 0.17 0.2904191616766467
0 0.869 0.3847305389221557 0.038 0.04790419161676647
0 0.845 0.35179640718562877 0.044 0.05389221556886228
2 0.398 0.38772455089820357 0.14 0.23652694610778444
0 0.269 0.12425149700598802 0.09 0.11077844311377245
2 0.853 0.45209580838323354 0.072 0.10778443113772455
0 0.119 0.12724550898203593 0.03 0.038922155688622756
0 0.695 0.24550898203592814 0.076 0.09580838323353294
0 0.512 0.4625748502994012 0.084 0.10778443113772455
0 0.641 0.3083832335329341 0.064 0.08383233532934131
0 0.819 0.38023952095808383 0.042 0.0658682634730539
2 0.253 0.3727544910179641 0.18 0.3323353293413174
1 0.417 0.2245508982035928 0.082 0.12275449101796407