0 0.4467634408602151 0.5216316639741518 0.060397849462365594 0.08156704361873991
0 0.3243978494623656 0.4710016155088853 0.06716129032258064 0.08744749596122779
0 0.22616129032258067 0.4516962843295638 0.07317204301075268 0.08579967689822295
3 0.8960537634408603 0.31176090468497575 0.20789247311827957 0.6068982229402262
0 0.0825268817204301 0.3929402261712439 0.08233333333333333 0.09696284329563813
0 0.3473010752688172 0.1759935379644588 0.055344086021505375 0.05827140549273021
0 0.34436559139784945 0.6336510500807755 0.08273118279569892 0.10192245557350565
3 0.29301075268817206 0.30492730210016156 0.0842258064516129 0.18982229402261713
0 0.33602150537634407 0.7592891760904685 0.07706451612903226 0.11308562197092084
0 0.6989247311827957 0.30156704361873987 0.19712903225806452 0.32848142164781907
1 0.17518279569892473 0.6408239095315025 0.06362365591397849 0.09423263327948303
2 0.26970967741935487 0.5869628432956381 0.08064516129032258 0.1777059773828756
2 0.12634408602150538 0.7424555735056543 0.07526881720430108 0.17636510500807756
2 0.3897849462365591 0.9106138933764135 0.09497849462365592 0.17878836833602585