0 0.5857142857142857 0.36257309941520466 0.14415584415584415 0.14619883040935672
0 0.7935064935064935 0.35769980506822613 0.17662337662337663 0.18128654970760233
0 0.4292207792207792 0.37524366471734893 0.11818181818181818 0.10721247563352826
3 0.788961038961039 0.7894736842105263 0.2584415584415584 0.42105263157894735
1 0.16883116883116883 0.41130604288499023 0.04935064935064935 0.08966861598440545
3 0.4305194805194805 0.6812865497076024 0.14675324675324675 0.3742690058479532
3 0.5766233766233766 0.7553606237816765 0.17662337662337663 0.4834307992202729
3 0.32662337662337665 0.6500974658869396 0.09740259740259741 0.3216374269005848
3 0.2558441558441558 0.6247563352826511 0.07662337662337662 0.26705653021442494
3 0.20974025974025973 0.6169590643274854 0.045454545454545456 0.2553606237816764
2 0.17532467532467533 0.5526315789473685 0.053246753246753244 0.1793372319688109
0 0.3396103896103896 0.3654970760233918 0.08701298701298701 0.10331384015594541
0 0.2701298701298701 0.391812865497076 0.08051948051948052 0.09161793372319688
0 0.21688311688311687 0.3762183235867446 0.04025974025974026 0.06042884990253411