2 0.7658444444444444 0.44634375000000004 0.09328888888888888 0.15646875
0 0.35964444444444443 0.266625 0.13371111111111111 0.11078125000000001
3 0.36400000000000005 0.6726875 0.21784444444444445 0.46028125
1 0.5591555555555555 0.30990625 0.05095555555555555 0.07103125
1 0.7646222222222222 0.30396875 0.06046666666666667 0.10546875
1 0.9232222222222222 0.49078125000000006 0.1292888888888889 0.21165625000000002
1 0.9111111111111111 0.348 0.12322222222222223 0.125
1 0.10353333333333334 0.29759375 0.20706666666666668 0.36221875
2 0.12524444444444444 0.7691874999999999 0.25051111111111113 0.46165625
2 0.9328222222222222 0.8203125 0.13433333333333333 0.359375
2 0.8267777777777778 0.72584375 0.08384444444444444 0.40340625
2 0.5414222222222221 0.47159375 0.10302222222222222 0.23578125