2 0.7688888888888888 0.5125 0.1111111111111111 0.178125
0 0.39111111111111113 0.2359375 0.14444444444444443 0.140625
3 0.34444444444444444 0.6375 0.27111111111111114 0.50625
1 0.5822222222222222 0.3265625 0.06 0.08125
1 0.7844444444444445 0.371875 0.07333333333333333 0.11875
1 0.9177777777777778 0.59375 0.15333333333333332 0.240625
1 0.9233333333333333 0.45 0.13777777777777778 0.153125
1 0.13444444444444445 0.203125 0.24888888888888888 0.40625
2 0.12444444444444444 0.6734375 0.24888888888888888 0.515625
2 0.8866666666666667 0.8640625 0.17777777777777778 0.271875
2 0.7933333333333333 0.7953125 0.13333333333333333 0.409375
2 0.5444444444444444 0.4828125 0.13111111111111112 0.25625