0 0.345049504950495 0.3482849604221636 0.03564356435643564 0.030343007915567283
2 0.7113861386138614 0.5092348284960422 0.060396039603960394 0.20052770448548812
0 0.7168316831683168 0.3713720316622691 0.039603960396039604 0.030343007915567283
0 0.7801980198019802 0.35158311345646437 0.047524752475247525 0.036939313984168866
0 0.8405940594059406 0.3496042216358839 0.048514851485148516 0.04221635883905013
0 0.28267326732673265 0.36939313984168864 0.041584158415841586 0.03825857519788918
0 0.09851485148514852 0.3324538258575198 0.05247524752475247 0.05013192612137203
0 0.9202970297029703 0.35949868073878627 0.061386138613861385 0.051451187335092345
0 0.4891089108910891 0.37269129287598945 0.032673267326732675 0.029023746701846966
0 0.6450495049504951 0.38522427440633245 0.034653465346534656 0.027704485488126648
0 0.200990099009901 0.3872031662269129 0.046534653465346534 0.03825857519788918
0 0.43316831683168316 0.3720316622691293 0.034653465346534656 0.03430079155672823
2 0.6425742574257426 0.5171503957783641 0.08316831683168317 0.18865435356200527
0 0.05099009900990099 0.38192612137203164 0.041584158415841586 0.04353562005277045
2 0.5618811881188119 0.5059366754617414 0.06930693069306931 0.19525065963060687
0 0.3287128712871287 0.38192612137203164 0.033663366336633666 0.029023746701846966
0 0.558910891089109 0.35949868073878627 0.034653465346534656 0.032981530343007916