2 0.83655 0.6608 0.1131 0.21676666666666666
2 0.708125 0.6172666666666667 0.0717 0.14093333333333333
0 0.44402500000000006 0.4566333333333334 0.044074999999999996 0.0427
0 0.77485 0.46976666666666667 0.047474999999999996 0.03656666666666667
0 0.709525 0.4821333333333333 0.060575000000000004 0.05063333333333333
0 0.8541 0.4492333333333334 0.04935 0.038
0 0.53905 0.48073333333333335 0.046375 0.045566666666666665
0 0.40225 0.4622 0.035975 0.04156666666666667
0 0.34490000000000004 0.45330000000000004 0.038325 0.034666666666666665
0 0.62205 0.4599 0.049675000000000004 0.051699999999999996
2 0.6288750000000001 0.6007 0.0722 0.15816666666666668
0 0.82715 0.47913333333333336 0.06849999999999999 0.0581
2 0.45375 0.5740666666666666 0.054275000000000004 0.1414
0 0.25277499999999997 0.46580000000000005 0.02565 0.023266666666666668
0 0.21627500000000002 0.4925333333333333 0.022425 0.023066666666666666
2 0.21195 0.5468333333333334 0.037325 0.053
0 0.3161 0.4673333333333333 0.0258 0.020433333333333335
2 0.53835 0.588 0.06292500000000001 0.1168
2 0.35365 0.5479333333333333 0.048949999999999994 0.10416666666666667
2 0.407825 0.5618 0.042699999999999995 0.10973333333333334
0 0.27292500000000003 0.47639999999999993 0.020825 0.025
1 0.051050000000000005 0.4576333333333333 0.070825 0.09583333333333334