3 0.5861804697156985 0.8388770053475936 0.08255871446229915 0.16094474153297683
3 0.48948084054388136 0.8144919786096256 0.10248454882571074 0.2117825311942959
0 0.3741038318912237 0.6156149732620321 0.039715698393077876 0.04101604278074866
0 0.6179480840543882 0.7124242424242424 0.05095179233621755 0.05877005347593583
0 0.5063288009888751 0.6647593582887701 0.06797280593325093 0.10577540106951873
0 0.22629171817058097 0.41901960784313724 0.08669962917181706 0.09971479500891266
3 0.23176761433868975 0.6604812834224598 0.15483312731767615 0.26941176470588235
0 0.8069097651421507 0.014046345811051693 0.02260815822002472 0.02319073083778966
3 0.362274412855377 0.709590017825312 0.041841779975278125 0.11106951871657754
3 0.6389616810877626 0.8569875222816399 0.049443757725587144 0.1179144385026738
3 0.6755747836835599 0.8679500891265598 0.029480840543881337 0.10146167557932265
0 0.6841285537700865 0.7849910873440286 0.021866501854140918 0.03427807486631016
0 0.6456242274412854 0.7685383244206774 0.022818294190358468 0.03702317290552585
0 0.7261063040791099 0.8174153297682709 0.01934487021013597 0.03194295900178253