3 0.3134765625 0.5068359375 0.06396484375 0.08072916666666667
0 0.417236328125 0.3916015625 0.02880859375 0.03125
0 0.611572265625 0.4833984375 0.033203125 0.031901041666666664
0 0.7421875 0.3284505208333333 0.0283203125 0.02734375
0 0.703125 0.3391927083333333 0.02734375 0.028645833333333332
0 0.4677734375 0.3893229166666667 0.0302734375 0.031901041666666664
0 0.358154296875 0.4153645833333333 0.03125 0.029296875
0 0.307861328125 0.4348958333333333 0.033203125 0.029947916666666668
0 0.444580078125 0.5113932291666666 0.025390625 0.026041666666666668
0 0.399169921875 0.521484375 0.02587890625 0.027994791666666668
1 0.08447265625 0.4925130208333333 0.03076171875 0.044270833333333336
3 0.75732421875 0.4137369791666667 0.0595703125 0.107421875
0 0.658935546875 0.4671223958333333 0.03076171875 0.028645833333333332
0 0.724609375 0.443359375 0.0302734375 0.03125
3 0.73291015625 0.5120442708333334 0.056640625 0.072265625
3 0.45361328125 0.5774739583333334 0.05224609375 0.08072916666666667
1 0.908447265625 0.29296875 0.03564453125 0.048828125
3 0.426025390625 0.4680989583333333 0.0576171875 0.078125
2 0.9208984375 0.3509114583333333 0.04638671875 0.083984375
0 0.4921875 0.4899088541666667 0.02294921875 0.028645833333333332
0 0.508056640625 0.3899739583333333 0.0244140625 0.022786458333333332
0 0.349853515625 0.5276692708333334 0.02783203125 0.032552083333333336
3 0.559814453125 0.5517578125 0.05615234375 0.07552083333333333
3 0.5634765625 0.4641927083333333 0.0546875 0.10221354166666667
3 0.519287109375 0.4576822916666667 0.0498046875 0.06770833333333333
3 0.50244140625 0.5611979166666666 0.05517578125 0.078125
3 0.674560546875 0.5299479166666666 0.052734375 0.0703125
3 0.709716796875 0.4065755208333333 0.05126953125 0.061197916666666664
2 0.087158203125 0.5559895833333334 0.0556640625 0.095703125
3 0.621826171875 0.5423177083333334 0.046875 0.06705729166666667
0 0.65380859375 0.3597005208333333 0.03076171875 0.028645833333333332
0 0.603271484375 0.3746744791666667 0.02978515625 0.029947916666666668
0 0.555908203125 0.376953125 0.02783203125 0.03125
3 0.37060546875 0.4807942708333333 0.0576171875 0.07096354166666667
3 0.665283203125 0.4251302083333333 0.052734375 0.07356770833333333
3 0.61279296875 0.4371744791666667 0.05078125 0.07421875
3 0.402587890625 0.5869140625 0.0546875 0.078125
3 0.354248046875 0.5970052083333334 0.05859375 0.08268229166666667
3 0.475830078125 0.4593098958333333 0.05224609375 0.068359375