0 0.228125 0.2772727272727273 0.0421875 0.045454545454545456
1 0.34765625 0.8409090909090909 0.215625 0.28863636363636364
0 0.13046875 0.5954545454545455 0.115625 0.1409090909090909
1 0.375 0.6431818181818182 0.1421875 0.18636363636363637
2 0.83046875 0.865909090909091 0.2640625 0.2681818181818182
1 0.5125 0.8386363636363636 0.153125 0.26136363636363635
0 0.84453125 0.634090909090909 0.15625 0.19318181818181818
1 0.07578125 0.5102272727272728 0.0859375 0.11363636363636363
0 0.55078125 0.25795454545454544 0.0265625 0.03636363636363636
3 0.55546875 0.3215909090909091 0.0390625 0.07954545454545454
0 0.45703125 0.29545454545454547 0.0203125 0.029545454545454545
0 0.44375 0.2772727272727273 0.0203125 0.031818181818181815
0 0.3375 0.42159090909090907 0.028125 0.04318181818181818