2 0.25 0.25601374570446733 0.0660377358490566 0.16838487972508592
2 0.539622641509434 0.4261168384879725 0.06981132075471698 0.16151202749140894
0 0.2679245283018868 0.1323024054982818 0.04339622641509434 0.058419243986254296
0 0.1820754716981132 0.08762886597938144 0.03773584905660377 0.05154639175257732
2 0.1669811320754717 0.21305841924398625 0.07358490566037736 0.15120274914089346
0 0.8179245283018868 0.4209621993127148 0.0830188679245283 0.15120274914089346
2 0.330188679245283 0.2663230240549828 0.05849056603773585 0.12371134020618557
2 0.37641509433962267 0.3247422680412371 0.05471698113207547 0.13402061855670103
2 0.7132075471698113 0.45532646048109965 0.052830188679245285 0.12371134020618557
2 0.6688679245283019 0.46048109965635736 0.04905660377358491 0.13058419243986255
2 0.619811320754717 0.46048109965635736 0.05471698113207547 0.140893470790378
2 0.42547169811320756 0.2869415807560137 0.03962264150943396 0.09965635738831616
2 0.48867924528301887 0.38144329896907214 0.033962264150943396 0.09621993127147767
0 0.480188679245283 0.2852233676975945 0.03207547169811321 0.058419243986254296
0 0.5490566037735849 0.3075601374570447 0.033962264150943396 0.061855670103092786
0 0.6122641509433963 0.36597938144329895 0.033962264150943396 0.07560137457044673
0 0.5877358490566038 0.2646048109965636 0.033962264150943396 0.06872852233676977
0 0.5556603773584906 0.23711340206185566 0.03962264150943396 0.06872852233676977
0 0.44622641509433963 0.20618556701030927 0.03962264150943396 0.06529209621993128
0 0.39433962264150946 0.23195876288659795 0.04150943396226415 0.06529209621993128
0 0.3584905660377358 0.19072164948453607 0.03018867924528302 0.05154639175257732
0 0.3141509433962264 0.17525773195876287 0.03773584905660377 0.058419243986254296
0 0.1339622641509434 0.12199312714776632 0.03773584905660377 0.061855670103092786
0 0.09622641509433963 0.06013745704467354 0.03962264150943396 0.058419243986254296
0 0.49433962264150944 0.23195876288659795 0.033962264150943396 0.048109965635738834
0 0.6745283018867925 0.2972508591065292 0.033962264150943396 0.041237113402061855
0 0.6764150943396227 0.3247422680412371 0.03773584905660377 0.05154639175257732
0 0.6745283018867925 0.3642611683848797 0.03962264150943396 0.061855670103092786
0 0.7330188679245283 0.3178694158075601 0.033962264150943396 0.048109965635738834
0 0.719811320754717 0.36254295532646047 0.03207547169811321 0.058419243986254296
0 0.33584905660377357 0.16151202749140894 0.03773584905660377 0.061855670103092786