0 0.561038961038961 0.33528265107212474 0.15194805194805194 0.16569200779727095
0 0.7616883116883116 0.2553606237816764 0.18571428571428572 0.2046783625730994
0 0.4116883116883117 0.4044834307992203 0.12337662337662338 0.12280701754385964
3 0.8285714285714286 0.6793372319688109 0.2831168831168831 0.4580896686159844
1 0.16428571428571428 0.5341130604288499 0.05454545454545454 0.09551656920077972
3 0.4616883116883117 0.7017543859649122 0.17012987012987013 0.3898635477582846
3 0.6155844155844156 0.7192982456140351 0.2064935064935065 0.5009746588693957
3 0.35584415584415585 0.7085769980506823 0.11818181818181818 0.32943469785575047
3 0.2831168831168831 0.7095516569200779 0.09350649350649351 0.27485380116959063
3 0.23766233766233766 0.7183235867446394 0.06233766233766234 0.2573099415204678
2 0.19350649350649352 0.6686159844054581 0.06493506493506493 0.18518518518518517
0 0.32272727272727275 0.42787524366471735 0.09220779220779221 0.11500974658869395
0 0.2597402597402597 0.47855750487329435 0.08571428571428572 0.10331384015594541
0 0.20584415584415586 0.4834307992202729 0.04415584415584416 0.06432748538011696