3 0.26832844574780057 0.8307453416149069 0.15347018572825025 0.3385093167701863
0 0.5928641251221897 0.4138198757763975 0.09188660801564028 0.13664596273291926
0 0.7766373411534702 0.23059006211180125 0.09579667644183773 0.10559006211180125
3 0.7316715542521994 0.421583850931677 0.1652003910068426 0.16925465838509315
2 0.1241446725317693 0.17624223602484473 0.06158357771260997 0.11956521739130435
3 0.4046920821114369 0.6972049689440993 0.12218963831867058 0.281055900621118
0 0.44916911045943303 0.4635093167701863 0.0801564027370479 0.11024844720496894
0 0.31622678396871945 0.5395962732919255 0.08504398826979472 0.10559006211180125
3 0.5464320625610948 0.639751552795031 0.13587487781036167 0.2857142857142857
2 0.03763440860215054 0.18633540372670807 0.0469208211143695 0.10714285714285714
1 0.028347996089931573 0.10248447204968944 0.03616813294232649 0.06521739130434782
1 0.12267839687194526 0.09239130434782608 0.03128054740957967 0.052795031055900624
1 0.7761485826001955 0.5271739130434783 0.10263929618768329 0.13975155279503104