0 0.3775636363636364 0.48530054644808746 0.06912727272727273 0.12478142076502732
0 0.7557090909090909 0.34983606557377045 0.026345454545454547 0.024153005464480876
0 0.3244909090909091 0.4808743169398907 0.04356363636363637 0.08032786885245902
0 0.07912727272727273 0.544207650273224 0.06016363636363637 0.046366120218579235
3 0.8606545454545454 0.8219945355191257 0.12725454545454545 0.3076502732240437
0 0.713690909090909 0.3565027322404371 0.025654545454545454 0.023005464480874316
0 0.8505818181818182 0.4604371584699454 0.09161818181818182 0.12631147540983606
0 0.49954545454545457 0.38524590163934425 0.060909090909090906 0.12295081967213115
0 0.6145454545454545 0.3394808743169399 0.04 0.0942622950819672
0 0.6704545454545454 0.3599726775956284 0.05181818181818182 0.07240437158469945
0 0.9136363636363637 0.45901639344262296 0.045454545454545456 0.10655737704918032
3 0.6245454545454545 0.7868852459016393 0.11272727272727273 0.2540983606557377
3 0.45954545454545453 0.8032786885245902 0.11363636363636363 0.2459016393442623
3 0.6918181818181818 0.6495901639344263 0.06363636363636363 0.17076502732240437
3 0.97 0.7663934426229508 0.06 0.25956284153005466
3 0.9768181818181818 0.5614754098360656 0.046363636363636364 0.12021857923497267
3 0.7595454545454545 0.6837431693989071 0.07181818181818182 0.1598360655737705
3 0.3104545454545454 0.7923497267759563 0.13 0.2540983606557377
3 0.16636363636363635 0.819672131147541 0.12363636363636364 0.24316939890710382
3 0.045 0.8790983606557377 0.08818181818181818 0.24180327868852458
3 0.0809090909090909 0.694672131147541 0.09090909090909091 0.14617486338797814
0 0.22545454545454546 0.4371584699453552 0.07636363636363637 0.08743169398907104
0 0.38045454545454543 0.35450819672131145 0.046363636363636364 0.08060109289617487
0 0.585 0.32991803278688525 0.035454545454545454 0.056010928961748634
0 0.27636363636363637 0.46994535519125685 0.04181818181818182 0.08743169398907104
0 0.4022727272727273 0.532103825136612 0.05545454545454546 0.0860655737704918
0 0.04181818181818182 0.4583333333333333 0.07636363636363637 0.11065573770491803
1 0.15772727272727272 0.6407103825136612 0.057272727272727274 0.10655737704918032
1 0.3104545454545454 0.60724043715847 0.07181818181818182 0.10792349726775956
1 0.4622727272727273 0.6441256830601093 0.06272727272727273 0.11612021857923498
1 0.6231818181818182 0.6010928961748634 0.06272727272727273 0.11475409836065574
1 0.6963636363636364 0.514344262295082 0.04727272727272727 0.0860655737704918
1 0.7795454545454545 0.5683060109289617 0.05 0.09016393442622951
1 0.8868181818181818 0.6174863387978142 0.07727272727272727 0.09836065573770492
1 0.9195454545454546 0.5437158469945356 0.05909090909090909 0.09016393442622951
1 0.9840909090909091 0.462431693989071 0.031818181818181815 0.07513661202185792
1 0.4668181818181818 0.532103825136612 0.046363636363636364 0.0942622950819672
1 0.43772727272727274 0.476775956284153 0.035454545454545454 0.05737704918032787