0 0.3663636363636364 0.6008174386920981 0.025454545454545455 0.02997275204359673
0 0.30272727272727273 0.47547683923705725 0.023636363636363636 0.02997275204359673
0 0.17 0.5081743869209809 0.02727272727272727 0.027247956403269755
0 0.8054545454545454 0.6280653950953679 0.02181818181818182 0.02452316076294278
0 0.10818181818181818 0.37329700272479566 0.01818181818181818 0.02452316076294278
0 0.730909090909091 0.6062670299727521 0.02 0.027247956403269755
0 0.8954545454545455 0.6403269754768393 0.023636363636363636 0.027247956403269755
0 0.5827272727272728 0.6716621253405994 0.02727272727272727 0.0326975476839237
0 0.6936363636363636 0.7029972752043597 0.02 0.02997275204359673
0 0.6418181818181818 0.6825613079019074 0.02 0.02452316076294278
0 0.6163636363636363 0.659400544959128 0.025454545454545455 0.035422343324250684
0 0.6772727272727272 0.6525885558583107 0.02181818181818182 0.0326975476839237
0 0.7354545454545455 0.7138964577656676 0.023636363636363636 0.035422343324250684
0 0.7927272727272727 0.7343324250681199 0.02181818181818182 0.02452316076294278
0 0.740909090909091 0.6280653950953679 0.01818181818181818 0.027247956403269755
0 0.7745454545454545 0.6294277929155313 0.023636363636363636 0.027247956403269755
0 0.5427272727272727 0.6103542234332425 0.02181818181818182 0.02452316076294278
0 0.52 0.5994550408719346 0.023636363636363636 0.027247956403269755
0 0.4781818181818182 0.6294277929155313 0.02181818181818182 0.02997275204359673
0 0.47909090909090907 0.5831062670299727 0.02 0.027247956403269755
0 0.4590909090909091 0.6267029972752044 0.023636363636363636 0.03814713896457766
0 0.41454545454545455 0.5844686648501363 0.025454545454545455 0.04087193460490463
0 0.38545454545454544 0.5694822888283378 0.02181818181818182 0.027247956403269755
0 0.35363636363636364 0.555858310626703 0.02181818181818182 0.027247956403269755
0 0.31727272727272726 0.5926430517711172 0.01818181818181818 0.027247956403269755
0 0.29454545454545455 0.5231607629427792 0.01818181818181818 0.02452316076294278
0 0.3236363636363636 0.5395095367847411 0.02 0.02997275204359673
0 0.2690909090909091 0.5231607629427792 0.023636363636363636 0.0326975476839237
0 0.26272727272727275 0.5776566757493188 0.023636363636363636 0.02997275204359673
0 0.22727272727272727 0.5681198910081744 0.02 0.027247956403269755
0 0.23545454545454544 0.5136239782016349 0.025454545454545455 0.0326975476839237
0 0.20272727272727273 0.5054495912806539 0.01818181818181818 0.027247956403269755
0 0.18818181818181817 0.5681198910081744 0.025454545454545455 0.043596730245231606
0 0.16727272727272727 0.5694822888283378 0.02 0.0326975476839237
0 0.16272727272727272 0.41553133514986373 0.01818181818181818 0.027247956403269755
0 0.13454545454545455 0.3991825613079019 0.02 0.02997275204359673
0 0.08272727272727273 0.3746594005449591 0.01818181818181818 0.027247956403269755
3 0.5845454545454546 0.603542234332425 0.034545454545454546 0.06267029972752043
3 0.7345454545454545 0.6743869209809265 0.034545454545454546 0.05449591280653951
3 0.7663636363636364 0.6839237057220708 0.034545454545454546 0.0681198910081744
3 0.7981818181818182 0.6852861035422343 0.03636363636363636 0.0681198910081744
3 0.8390909090909091 0.6771117166212534 0.04181818181818182 0.08174386920980926
3 0.8845454545454545 0.6975476839237057 0.04181818181818182 0.07901907356948229
3 0.9263636363636364 0.7084468664850136 0.038181818181818185 0.07084468664850137
3 0.7809090909090909 0.7752043596730245 0.03636363636363636 0.04904632152588556
3 0.7354545454545455 0.7643051771117166 0.034545454545454546 0.05449591280653951
3 0.6863636363636364 0.7534059945504087 0.038181818181818185 0.05994550408719346
3 0.6327272727272727 0.7384196185286104 0.03636363636363636 0.05722070844686648
3 0.6690909090909091 0.6961852861035422 0.034545454545454546 0.05449591280653951
3 0.5781818181818181 0.7220708446866485 0.045454545454545456 0.05994550408719346
3 0.5463636363636364 0.662125340599455 0.04181818181818182 0.06267029972752043
3 0.5163636363636364 0.6471389645776566 0.03272727272727273 0.05449591280653951
3 0.49818181818181817 0.6771117166212534 0.04 0.0681198910081744
3 0.4618181818181818 0.6798365122615804 0.03636363636363636 0.06267029972752043
3 0.42 0.6634877384196185 0.04 0.05449591280653951
3 0.36363636363636365 0.6525885558583107 0.038181818181818185 0.05994550408719346
3 0.2918181818181818 0.5790190735694822 0.03636363636363636 0.04904632152588556
3 0.43636363636363634 0.555858310626703 0.04181818181818182 0.0681198910081744
3 0.46454545454545454 0.5599455040871935 0.02909090909090909 0.05449591280653951
3 0.6409090909090909 0.6212534059945504 0.03090909090909091 0.0653950953678474
3 0.6127272727272727 0.6130790190735694 0.034545454545454546 0.05994550408719346
3 0.5127272727272727 0.5708446866485014 0.023636363636363636 0.035422343324250684
3 0.54 0.5790190735694822 0.02727272727272727 0.03814713896457766
3 0.08 0.42779291553133514 0.038181818181818185 0.07084468664850137
3 0.10727272727272727 0.4209809264305177 0.03272727272727273 0.04904632152588556
3 0.13 0.45095367847411444 0.03636363636363636 0.0653950953678474
3 0.15636363636363637 0.4673024523160763 0.03636363636363636 0.05994550408719346
3 0.18818181818181817 0.4782016348773842 0.034545454545454546 0.043596730245231606
0 0.1990909090909091 0.44005449591280654 0.02181818181818182 0.02997275204359673
0 0.22363636363636363 0.4482288828337875 0.02 0.027247956403269755
0 0.25545454545454543 0.4550408719346049 0.02181818181818182 0.02452316076294278
0 0.33 0.4768392370572207 0.02181818181818182 0.027247956403269755
0 0.3690909090909091 0.5054495912806539 0.01818181818181818 0.02452316076294278
0 0.3881818181818182 0.5081743869209809 0.023636363636363636 0.02997275204359673
0 0.3472727272727273 0.4659400544959128 0.02 0.02997275204359673
0 0.37454545454545457 0.47411444141689374 0.01818181818181818 0.02997275204359673
0 0.4209090909090909 0.5 0.02 0.027247956403269755
0 0.44272727272727275 0.5040871934604905 0.02181818181818182 0.0326975476839237
0 0.4718181818181818 0.5068119891008175 0.02181818181818182 0.02452316076294278
0 0.49454545454545457 0.5190735694822888 0.02 0.027247956403269755
0 0.5454545454545454 0.5340599455040872 0.01818181818181818 0.027247956403269755
0 0.58 0.547683923705722 0.02 0.027247956403269755
0 0.5963636363636363 0.5463215258855586 0.02 0.0326975476839237
0 0.6190909090909091 0.55858310626703 0.02181818181818182 0.027247956403269755
0 0.6472727272727272 0.5653950953678474 0.02 0.0326975476839237
0 0.6745454545454546 0.5831062670299727 0.01818181818181818 0.02452316076294278
0 0.6936363636363636 0.5940054495912807 0.02 0.0326975476839237
0 0.7154545454545455 0.5953678474114441 0.02181818181818182 0.02997275204359673
0 0.94 0.6471389645776566 0.025454545454545455 0.0326975476839237
0 0.9172727272727272 0.6253405994550408 0.02 0.027247956403269755
0 0.8481818181818181 0.614441416893733 0.02181818181818182 0.027247956403269755