3 0.37031707317073176 0.6192996108949416 0.1187560975609756 0.30420233463035024
3 0.12948780487804878 0.7023735408560311 0.15553658536585366 0.46280155642023346
0 0.7242195121951219 0.3708949416342412 0.10168292682926829 0.08260700389105058
3 0.8816829268292683 0.7429571984435798 0.2366341463414634 0.5140856031128405
0 0.3708048780487805 0.3573540856031129 0.07617073170731707 0.08108949416342412
3 0.7016585365853659 0.6364591439688716 0.11934146341463414 0.30295719844357977
3 0.23648780487804877 0.6600778210116731 0.11063414634146342 0.33630350194552533
0 0.14417073170731706 0.31404669260700385 0.13502439024390245 0.13618677042801555
0 0.23780487804878048 0.36964980544747084 0.09058536585365853 0.10284046692607003
0 0.4686341463414634 0.3689494163424124 0.07839024390243902 0.09867704280155642
0 0.8575853658536585 0.2584824902723736 0.1872926829268293 0.17233463035019456
0 0.9616829268292684 0.24249027237354084 0.07665853658536585 0.11813229571984435
3 0.49521951219512195 0.6191050583657588 0.14895121951219512 0.2959922178988327