2 0.35555555555555557 0.4452662721893491 0.09333333333333334 0.15384615384615385
0 0.7322222222222222 0.28254437869822485 0.14222222222222222 0.11834319526627218
0 0.3566666666666667 0.2958579881656805 0.057777777777777775 0.05325443786982249
0 0.058888888888888886 0.3165680473372781 0.06 0.05325443786982249
0 0.9277777777777778 0.27514792899408286 0.07777777777777778 0.06804733727810651
0 0.82 0.27514792899408286 0.06666666666666667 0.07100591715976332
0 0.4922222222222222 0.28994082840236685 0.057777777777777775 0.05917159763313609
0 0.4177777777777778 0.3136094674556213 0.044444444444444446 0.04142011834319527
0 0.5522222222222222 0.3091715976331361 0.07111111111111111 0.0621301775147929
0 0.19666666666666666 0.3121301775147929 0.1 0.08284023668639054
2 0.17888888888888888 0.5946745562130178 0.17777777777777778 0.3343195266272189
3 0.5533333333333333 0.5192307692307693 0.13777777777777778 0.23076923076923078
2 0.7622222222222222 0.6494082840236687 0.18 0.4230769230769231
2 0.9377777777777778 0.492603550295858 0.12444444444444444 0.2455621301775148