2 0.8157068965517241 0.18595092024539878 0.08389655172413793 0.1913803680981595
3 0.1881551724137931 0.6500306748466258 0.08117241379310344 0.2865644171779141
3 0.5513965517241379 0.6404601226993865 0.0848448275862069 0.16708588957055215
0 0.506603448275862 0.4957055214723926 0.0930344827586207 0.10757668711656442
0 0.22491379310344825 0.4099386503067484 0.06739655172413794 0.11432515337423314
0 0.30094827586206896 0.5284355828220859 0.029775862068965517 0.05297546012269939
0 0.41810344827586204 0.5207668711656442 0.02743103448275862 0.03484662576687116
0 0.7723275862068966 0.4900920245398773 0.03996551724137931 0.054386503067484666
3 0.7688103448275863 0.6009509202453988 0.06425862068965518 0.10598159509202452
0 0.7582241379310345 0.03834355828220859 0.06505172413793103 0.07668711656441718
0 0.06856896551724138 0.5145092024539877 0.049379310344827586 0.06134969325153374