3 0.6073 0.6284022556390978 0.1769 0.3611654135338346
3 0.41481250000000003 0.5577255639097743 0.13648749999999998 0.3003383458646617
3 0.8444375 0.5974812030075188 0.114675 0.29456766917293237
3 0.15088749999999998 0.5329699248120301 0.095025 0.2478571428571429
3 0.251175 0.5187218045112781 0.105975 0.2679887218045113
0 0.7840125 0.33016917293233083 0.0505375 0.04785714285714286
2 0.056487499999999996 0.4792105263157895 0.09283749999999999 0.17922932330827065
0 0.0629 0.30428571428571427 0.0602125 0.05682330827067669
0 0.1547625 0.3238533834586466 0.060975 0.052537593984962404
0 0.6913625 0.37259398496240603 0.0311 0.029229323308270678
0 0.24817499999999998 0.26889097744360907 0.0591 0.04964285714285714
0 0.5978375 0.2923308270676692 0.0886875 0.07639097744360902
0 0.326325 0.33171052631578946 0.049675000000000004 0.05336466165413534
0 0.1098125 0.36701127819548873 0.03785 0.030093984962406017
3 0.3353125 0.5052067669172932 0.0593 0.20146616541353385
3 0.9447125 0.5292105263157895 0.07403749999999999 0.18796992481203006
3 0.760575 0.5393233082706768 0.061537499999999995 0.21977443609022557
0 0.425 0.2928007518796993 0.08268750000000001 0.10554511278195489
0 0.47452500000000003 0.3318421052631579 0.03365 0.053496240601503764
0 0.9514374999999999 0.3636466165413534 0.047112499999999995 0.04483082706766917
0 0.8976000000000001 0.3795488721804511 0.035575 0.036146616541353385
0 0.9201874999999999 0.3636466165413534 0.025 0.03325187969924812
0 0.737025 0.36654135338345867 0.047112499999999995 0.05639097744360902
0 0.2865375 0.346296992481203 0.0326875 0.03904135338345865
0 0.3596125 0.3701503759398496 0.028849999999999997 0.03469924812030075