0 0.91518 0.3332432432432432 0.16022 0.1396096096096096
2 0.72176 0.5541741741741741 0.12143999999999999 0.34555555555555556
2 0.1722 0.5156456456456456 0.1055 0.2885285285285285
0 0.44888 0.28522522522522525 0.04646 0.03645645645645646
3 0.3482 0.43024024024024027 0.060840000000000005 0.15465465465465467
0 0.72624 0.22564564564564565 0.1041 0.09213213213213213
3 0.44612 0.46567567567567564 0.08012000000000001 0.19285285285285286
0 0.8367 0.26552552552552555 0.0889 0.07612612612612613
0 0.5241399999999999 0.2871471471471472 0.06542 0.05861861861861862
1 0.18006 0.2806906906906907 0.1021 0.16342342342342342
0 0.34414 0.2845045045045045 0.056159999999999995 0.04666666666666666
2 0.62646 0.34162162162162163 0.062119999999999995 0.07108108108108109
2 0.9108999999999999 0.7425525525525526 0.1709 0.40948948948948954
2 0.8281799999999999 0.5391891891891892 0.06182 0.2839339339339339
2 0.61636 0.5487387387387387 0.07271999999999999 0.22930930930930932
2 0.53136 0.47774774774774775 0.07 0.22114114114114114
0 0.41046 0.2839339339339339 0.04272 0.05732732732732733
0 0.29863999999999996 0.30438438438438437 0.03364 0.0436936936936937
0 0.5804600000000001 0.30165165165165164 0.03546 0.049129129129129125
0 0.6172799999999999 0.2921021021021021 0.0509 0.05459459459459459
0 0.6668200000000001 0.28186186186186185 0.03546 0.05324324324324325
3 0.29728 0.43543543543543545 0.036359999999999996 0.09828828828828828