3 0.624390243902439 0.6342412451361867 0.13170731707317074 0.3151750972762646
3 0.8609756097560975 0.7431906614785992 0.17560975609756097 0.4785992217898833
0 0.2817073170731707 0.3463035019455253 0.1048780487804878 0.0933852140077821
3 0.11829268292682926 0.6984435797665369 0.23658536585365852 0.5408560311284046
0 0.6353658536585366 0.3715953307392996 0.08048780487804878 0.08949416342412451
3 0.2926829268292683 0.6128404669260701 0.13170731707317074 0.3151750972762646
3 0.7560975609756098 0.688715953307393 0.12439024390243902 0.3463035019455253
0 0.8634146341463415 0.3540856031128405 0.14146341463414633 0.1517509727626459
0 0.7670731707317073 0.39883268482490275 0.0951219512195122 0.11284046692607004
0 0.5365853658536586 0.3735408560311284 0.08292682926829269 0.10894941634241245
0 0.15365853658536585 0.2198443579766537 0.1951219512195122 0.19455252918287938
0 0.05 0.19066147859922178 0.08048780487804878 0.1245136186770428
3 0.5 0.6186770428015564 0.16097560975609757 0.311284046692607