2 0.712775 0.5466917293233082 0.062075 0.15518796992481204
0 0.646175 0.41274436090225564 0.04335 0.033458646616541354
0 0.7090000000000001 0.405 0.047175 0.04703007518796992
0 0.604925 0.4217293233082707 0.028624999999999998 0.02744360902255639
0 0.3028 0.4106766917293233 0.02835 0.027857142857142858
0 0.7545499999999999 0.41172932330827067 0.037925 0.04176691729323308
0 0.9328 0.41082706766917293 0.07137500000000001 0.057255639097744365
0 0.24054999999999999 0.39962406015037594 0.0285 0.025864661654135337
2 0.65035 0.5279699248120301 0.048125 0.11774436090225564
2 0.3353 0.5153383458646617 0.052774999999999996 0.1312781954887218
0 0.44049999999999995 0.3983458646616541 0.0323 0.030601503759398498
2 0.5579 0.5027443609022556 0.0482 0.10766917293233083
0 0.8202750000000001 0.4194360902255639 0.069775 0.07819548872180451
0 0.985425 0.41255639097744357 0.02915 0.09203007518796992
3 0.95 0.5945488721804512 0.0537 0.1949248120300752
3 0.981025 0.7177819548872181 0.037975 0.2882330827067669
2 0.443525 0.4942857142857143 0.0463 0.10304511278195488
2 0.38565 0.4838345864661654 0.050925000000000005 0.08492481203007518
2 0.483325 0.49499999999999994 0.029625 0.06545112781954887
2 0.60555 0.515187969924812 0.033325 0.10304511278195488
0 0.481475 0.4267669172932331 0.025924999999999997 0.03203007518796992
0 0.549525 0.402406015037594 0.0287 0.025075187969924813
0 0.167125 0.4149248120300752 0.025 0.030639097744360903
0 0.097675 0.4156390977443609 0.025 0.02924812030075188
0 0.190275 0.40518796992481204 0.02315 0.036203007518796994
0 0.3861 0.39751879699248116 0.024075000000000003 0.03203007518796992
1 0.8824 0.45601503759398493 0.072225 0.11556390977443609
2 0.8764 0.664172932330827 0.0824 0.2478571428571429
2 0.827325 0.583421052631579 0.060175 0.14203007518796992
2 0.2412 0.4880075187969925 0.049075 0.10165413533834586
2 0.16390000000000002 0.5047368421052632 0.048150000000000005 0.09887218045112782
2 0.09815 0.5047368421052632 0.0426 0.09887218045112782
1 0.34075000000000005 0.421203007518797 0.035175 0.05988721804511278