0 0.37727272727272726 0.49453551912568305 0.07272727272727272 0.13114754098360656
0 0.75 0.33060109289617484 0.02727272727272727 0.0273224043715847
0 0.3236363636363636 0.49453551912568305 0.045454545454545456 0.08469945355191257
0 0.0809090909090909 0.5778688524590164 0.06181818181818182 0.05191256830601093
3 0.8718181818181818 0.7937158469945356 0.13818181818181818 0.31693989071038253
0 0.7081818181818181 0.3401639344262295 0.02727272727272727 0.02459016393442623
0 0.8490909090909091 0.43306010928961747 0.09636363636363636 0.13387978142076504
0 0.4954545454545455 0.38524590163934425 0.06545454545454546 0.1284153005464481
0 0.6090909090909091 0.33060109289617484 0.04363636363636364 0.09836065573770492
0 0.6654545454545454 0.3469945355191257 0.05454545454545454 0.07650273224043716
0 0.9118181818181819 0.4262295081967213 0.04909090909090909 0.1092896174863388
3 0.6345454545454545 0.7773224043715847 0.12181818181818181 0.26229508196721313
3 0.47 0.8060109289617486 0.12181818181818181 0.2540983606557377
3 0.6963636363636364 0.6338797814207651 0.06909090909090909 0.17486338797814208
3 0.9718181818181818 0.7281420765027322 0.056363636363636366 0.2650273224043716
3 0.9763636363636363 0.523224043715847 0.04727272727272727 0.12295081967213115
3 0.7654545454545455 0.662568306010929 0.07818181818181819 0.16393442622950818
3 0.3209090909090909 0.8073770491803278 0.13818181818181818 0.2650273224043716
3 0.1781818181818182 0.8456284153005464 0.13272727272727272 0.25136612021857924
3 0.05909090909090909 0.894808743169399 0.09636363636363636 0.2103825136612022
3 0.08818181818181818 0.726775956284153 0.09636363636363636 0.15300546448087432
0 0.22363636363636363 0.45901639344262296 0.08 0.09289617486338798
0 0.37545454545454543 0.36475409836065575 0.04909090909090909 0.08469945355191257
0 0.5790909090909091 0.3237704918032787 0.038181818181818185 0.05737704918032787
0 0.27545454545454545 0.48770491803278687 0.045454545454545456 0.09016393442622951
0 0.4036363636363636 0.5396174863387978 0.05818181818181818 0.09016393442622951
0 0.04090909090909091 0.49453551912568305 0.08 0.11748633879781421
1 0.16272727272727272 0.6680327868852459 0.06 0.11202185792349727
1 0.3145454545454546 0.6215846994535519 0.07636363636363637 0.11475409836065574
1 0.4672727272727273 0.6475409836065574 0.06727272727272728 0.12021857923497267
1 0.6263636363636363 0.5915300546448088 0.06727272727272728 0.12021857923497267
1 0.6963636363636364 0.49863387978142076 0.05090909090909091 0.09016393442622951
1 0.7818181818181819 0.546448087431694 0.05272727272727273 0.09289617486338798
1 0.89 0.587431693989071 0.08 0.10382513661202186
1 0.9209090909090909 0.5109289617486339 0.06181818181818182 0.09562841530054644
1 0.9818181818181818 0.4248633879781421 0.034545454545454546 0.07650273224043716
1 0.4681818181818182 0.5341530054644809 0.04909090909090909 0.09836065573770492
1 0.43727272727272726 0.4822404371584699 0.038181818181818185 0.060109289617486336