2 0.717 0.2672672672672673 0.064 0.12312312312312312
3 0.394 0.481981981981982 0.108 0.23723723723723725
0 0.859 0.14564564564564564 0.032 0.03903903903903904
2 0.477 0.3768768768768769 0.074 0.13813813813813813
0 0.251 0.35135135135135137 0.084 0.1021021021021021
0 0.707 0.17567567567567569 0.04 0.04804804804804805
0 0.364 0.30930930930930933 0.058 0.08108108108108109
3 0.109 0.4864864864864865 0.06 0.10510510510510511
0 0.836 0.16516516516516516 0.04 0.05405405405405406
2 0.643 0.3138138138138138 0.056 0.1021021021021021
2 0.569 0.31681681681681684 0.062 0.09009009009009009
3 0.42 0.3633633633633634 0.056 0.1021021021021021
1 0.461 0.27627627627627627 0.05 0.07507507507507508
0 0.557 0.24324324324324326 0.03 0.04504504504504504
0 0.777 0.18018018018018017 0.036 0.04804804804804805
0 0.904 0.12162162162162163 0.03 0.03903903903903904
0 0.938 0.13963963963963963 0.04 0.05105105105105105
0 0.195 0.3783783783783784 0.024 0.03903903903903904
0 0.403 0.2882882882882883 0.026 0.042042042042042045
0 0.423 0.2807807807807808 0.028 0.04504504504504504
3 0.209 0.43243243243243246 0.048 0.04804804804804805
0 0.098 0.4114114114114114 0.028 0.03903903903903904
0 0.631 0.23573573573573572 0.026 0.03303303303303303
0 0.122 0.4084084084084084 0.024 0.03903903903903904
0 0.141 0.4069069069069069 0.026 0.03903903903903904
0 0.178 0.39039039039039036 0.022 0.03303303303303303