0 0.6984126984126984 0.7175 0.15873015873015872 0.195
0 0.03015873015873016 0.3325 0.06031746031746032 0.15
0 0.29523809523809524 0.395 0.06349206349206349 0.07
0 0.36984126984126986 0.38 0.047619047619047616 0.05
0 0.44603174603174606 0.3875 0.08571428571428572 0.1
2 0.2904761904761905 0.5875 0.1111111111111111 0.225
2 0.46190476190476193 0.695 0.14603174603174604 0.365
1 0.7142857142857143 0.3625 0.10158730158730159 0.22
0 0.7857142857142857 0.3825 0.06984126984126984 0.12
1 0.5698412698412698 0.46 0.047619047619047616 0.095
0 0.5523809523809524 0.675 0.06349206349206349 0.12
2 0.36507936507936506 0.47 0.06666666666666667 0.07
0 0.37777777777777777 0.53 0.044444444444444446 0.075
2 0.0761904761904762 0.655 0.13333333333333333 0.34