3 0.6220615384615384 0.4592857142857143 0.06529230769230769 0.16476958525345622
3 0.42664615384615384 0.49785714285714283 0.05149230769230769 0.1409447004608295
3 0.716 0.44859447004608294 0.058600000000000006 0.12341013824884793
0 0.539076923076923 0.33002304147465433 0.03327692307692307 0.035898617511520736
3 0.26447692307692305 0.49274193548387096 0.08080000000000001 0.17288018433179725
0 0.6069846153846155 0.3116129032258065 0.04678461538461538 0.04170506912442397
0 0.4319692307692307 0.3646543778801843 0.042015384615384614 0.04138248847926267
0 0.27132307692307694 0.32149769585253457 0.06218461538461539 0.06366359447004608
0 0.7188769230769231 0.3355990783410138 0.03383076923076923 0.02665898617511521
3 0.5357076923076923 0.42912442396313366 0.05293846153846153 0.11036866359447005
0 0.476476923076923 0.34364055299539165 0.02396923076923077 0.03428571428571429
3 0.4625076923076923 0.46587557603686636 0.028846153846153848 0.0993778801843318
3 0.48846153846153845 0.44211981566820274 0.03461538461538462 0.10080645161290322
0 0.4625076923076923 0.35714285714285715 0.028846153846153848 0.03168202764976959