3 0.37846153846153846 0.45622119815668205 0.06769230769230769 0.16589861751152074
3 0.573076923076923 0.5 0.05384615384615385 0.14285714285714285
3 0.2846153846153846 0.4423963133640553 0.06 0.12442396313364056
0 0.46307692307692305 0.3294930875576037 0.033846153846153845 0.03686635944700461
3 0.7353846153846154 0.4988479262672811 0.08307692307692308 0.17511520737327188
0 0.3953846153846154 0.3087557603686636 0.047692307692307694 0.04377880184331797
0 0.5692307692307692 0.3663594470046083 0.043076923076923075 0.041474654377880185
0 0.7307692307692307 0.3271889400921659 0.06307692307692307 0.06451612903225806
0 0.28307692307692306 0.3294930875576037 0.033846153846153845 0.027649769585253458
3 0.4653846153846154 0.42857142857142855 0.05384615384615385 0.11059907834101383
0 0.5253846153846153 0.3444700460829493 0.024615384615384615 0.03456221198156682
3 0.5376923076923077 0.4665898617511521 0.02923076923076923 0.09907834101382489
3 0.5123076923076924 0.4423963133640553 0.03538461538461538 0.10138248847926268
0 0.5392307692307692 0.358294930875576 0.02923076923076923 0.03225806451612903