2 0.7466799999999999 0.3472372372372372 0.04944 0.11036036036036036
3 0.39898 0.446936936936937 0.07786 0.21597597597597598
0 0.9028200000000001 0.2751951951951952 0.02752 0.030150150150150146
2 0.49657999999999997 0.3718618618618619 0.05806 0.1227027027027027
0 0.27962 0.27168168168168166 0.07364 0.07885885885885886
0 0.7504400000000001 0.2538738738738739 0.0344 0.038288288288288286
0 0.39614 0.26894894894894894 0.04976 0.06747747747747747
3 0.12068000000000001 0.35387387387387387 0.046619999999999995 0.09192192192192192
0 0.87798 0.2867267267267267 0.03484 0.042762762762762765
2 0.6668200000000001 0.3671771771771772 0.04272 0.09009009009009009
2 0.59454 0.34534534534534533 0.052719999999999996 0.07372372372372372
3 0.44272 0.3391891891891892 0.04364 0.08873873873873873
1 0.49589999999999995 0.2682282282282282 0.0409 0.06414414414414414
0 0.59364 0.26957957957957956 0.02546 0.036846846846846845
0 0.81772 0.2812012012012012 0.03182 0.03822822822822823
0 0.9504600000000001 0.2682282282282282 0.026359999999999998 0.03138138138138138
0 0.9809 0.29687687687687686 0.03454 0.039579579579579575
0 0.2209 0.2791291291291291 0.02 0.034114114114114115
0 0.43727999999999995 0.2614114114114114 0.02 0.036846846846846845
0 0.45772 0.26003003003003006 0.022719999999999997 0.036846846846846845
3 0.22636 0.3351051051051051 0.04364 0.034114114114114115
0 0.12136 0.27708708708708707 0.02454 0.03003003003003003
0 0.6668200000000001 0.28663663663663663 0.022719999999999997 0.024564564564564562
0 0.1459 0.28255255255255257 0.019100000000000002 0.032762762762762764
0 0.1641 0.2887087087087087 0.0209 0.03138138138138138
0 0.20228 0.2839339339339339 0.019100000000000002 0.027297297297297296