0 0.18827272727272726 0.07336986301369863 0.1316909090909091 0.1404109589041096
3 0.14725454545454544 0.44515068493150683 0.23425454545454547 0.4561917808219178
3 0.37463636363636366 0.4561369863013699 0.13285454545454545 0.20783561643835616
0 0.5758727272727273 0.33838356164383565 0.03816363636363636 0.0369041095890411
0 0.3972909090909091 0.24265753424657532 0.0742 0.07876712328767123
0 0.6823454545454546 0.3764931506849315 0.025654545454545454 0.02158904109589041
0 0.4866727272727273 0.2772876712328767 0.0510909090909091 0.05668493150684932
0 0.7512181818181819 0.3974246575342466 0.026418181818181816 0.023698630136986303
0 0.6095272727272727 0.3670958904109589 0.030890909090909087 0.03882191780821918
0 0.7919090909090909 0.39684931506849314 0.021745454545454547 0.02252054794520548
0 0.6330181818181818 0.37465753424657533 0.021418181818181815 0.024191780821917808
0 0.7158545454545455 0.3856164383561644 0.02530909090909091 0.02323287671232877
3 0.5670727272727273 0.44200000000000006 0.05514545454545454 0.11528767123287671
3 0.4809090909090909 0.43561643835616437 0.08727272727272728 0.1780821917808219
3 0.6136363636363636 0.44794520547945205 0.03272727272727273 0.08493150684931507
3 0.6768181818181818 0.44726027397260276 0.035454545454545454 0.08356164383561644
3 0.7145454545454546 0.4506849315068493 0.03272727272727273 0.07397260273972603
3 0.7463636363636363 0.45616438356164385 0.02909090909090909 0.07123287671232877