0 0.3815818181818182 0.6374931880108992 0.02370909090909091 0.022861035422343325
0 0.30318181818181816 0.5325340599455041 0.020327272727272725 0.02539509536784741
0 0.17665454545454545 0.6020163487738419 0.02421818181818182 0.021934604904632154
0 0.8161636363636363 0.5381471389645777 0.01958181818181818 0.020463215258855586
0 0.09945454545454546 0.48762942779291557 0.01598181818181818 0.019128065395095366
0 0.7400545454545454 0.5376566757493187 0.016945454545454545 0.022888283378746595
0 0.9062727272727272 0.5252316076294278 0.022054545454545455 0.020326975476839235
0 0.6033272727272727 0.6453950953678474 0.02450909090909091 0.026103542234332425
0 0.7163636363636363 0.6444141689373297 0.016363636363636365 0.02452316076294278
0 0.6622727272727272 0.638283378746594 0.017272727272727273 0.020435967302452316
0 0.634090909090909 0.6232970027247956 0.022727272727272728 0.02861035422343324
0 0.6931818181818182 0.5994550408719346 0.019090909090909092 0.027247956403269755
0 0.7581818181818182 0.6430517711171662 0.02 0.02997275204359673
0 0.8168181818181818 0.646457765667575 0.019090909090909092 0.020435967302452316
0 0.7531818181818182 0.5565395095367848 0.015454545454545455 0.02316076294277929
0 0.7859090909090909 0.5490463215258855 0.02090909090909091 0.021798365122615803
0 0.5559090909090909 0.5960490463215259 0.019090909090909092 0.020435967302452316
0 0.5322727272727272 0.5919618528610354 0.02090909090909091 0.020435967302452316
0 0.495 0.6328337874659401 0.019090909090909092 0.025885558583106268
0 0.4904545454545455 0.5871934604904632 0.017272727272727273 0.021798365122615803
0 0.4759090909090909 0.6362397820163488 0.019090909090909092 0.0326975476839237
0 0.42727272727272725 0.6069482288828338 0.02181818181818182 0.0340599455040872
0 0.3968181818181818 0.6008174386920981 0.019090909090909092 0.021798365122615803
0 0.36363636363636365 0.5960490463215259 0.02 0.02316076294277929
0 0.3327272727272727 0.6437329700272479 0.016363636363636365 0.02316076294277929
0 0.3013636363636364 0.5810626702997275 0.015454545454545455 0.020435967302452316
0 0.3322727272727273 0.5885558583106267 0.017272727272727273 0.02452316076294278
0 0.27636363636363637 0.5885558583106267 0.02 0.027247956403269755
0 0.2772727272727273 0.6437329700272479 0.02 0.025885558583106268
0 0.24136363636363636 0.6450953678474114 0.017272727272727273 0.02316076294277929
0 0.24181818181818182 0.5885558583106267 0.02181818181818182 0.027247956403269755
0 0.20909090909090908 0.590599455040872 0.016363636363636365 0.02316076294277929
0 0.20272727272727273 0.6559945504087193 0.02181818181818182 0.03678474114441417
0 0.18227272727272728 0.6634877384196185 0.017272727272727273 0.027247956403269755
0 0.15818181818181817 0.5136239782016349 0.016363636363636365 0.021798365122615803
0 0.12818181818181817 0.5054495912806539 0.016363636363636365 0.02452316076294278
0 0.0740909090909091 0.49591280653950953 0.015454545454545455 0.02452316076294278
3 0.5963636363636363 0.5769754768392371 0.02727272727272727 0.055858310626702996
3 0.7527272727272727 0.6042234332425068 0.02909090909090909 0.047683923705722074
3 0.7845454545454545 0.6049046321525886 0.02727272727272727 0.06267029972752043
3 0.8159090909090909 0.5960490463215259 0.03 0.06130790190735695
3 0.8554545454545455 0.5762942779291553 0.03272727272727273 0.07356948228882834
3 0.9027272727272727 0.5837874659400545 0.03272727272727273 0.07220708446866485
3 0.9454545454545454 0.582425068119891 0.03090909090909091 0.06403269754768393
3 0.8109090909090909 0.6900544959128065 0.03272727272727273 0.039509536784741145
3 0.7645454545454545 0.6920980926430518 0.02909090909090909 0.04632152588555858
3 0.7154545454545455 0.6948228882833788 0.03272727272727273 0.051771117166212535
3 0.6604545454545454 0.6955040871934605 0.03 0.05040871934604905
3 0.6904545454545454 0.6437329700272479 0.028181818181818183 0.047683923705722074
3 0.6054545454545455 0.6961852861035422 0.04 0.04904632152588556
3 0.5663636363636364 0.6457765667574932 0.03636363636363636 0.05449591280653951
3 0.5345454545454545 0.6396457765667575 0.02727272727272727 0.047683923705722074
3 0.5204545454545455 0.6750681198910081 0.03363636363636364 0.05858310626702997
3 0.48545454545454547 0.6873297002724795 0.02909090909090909 0.055858310626702996
3 0.44272727272727275 0.6839237057220708 0.034545454545454546 0.04632152588555858
3 0.38545454545454544 0.6886920980926431 0.03272727272727273 0.05040871934604905
3 0.3054545454545455 0.6369209809264306 0.03090909090909091 0.04223433242506812
3 0.4445454545454545 0.5728882833787466 0.034545454545454546 0.05858310626702997
3 0.4727272727272727 0.5688010899182562 0.023636363636363636 0.047683923705722074
3 0.6540909090909091 0.5790190735694822 0.024545454545454544 0.05994550408719346
3 0.6254545454545455 0.5790190735694822 0.02727272727272727 0.05449591280653951
3 0.5213636363636364 0.5660762942779292 0.02090909090909091 0.02861035422343324
3 0.5495454545454546 0.5660762942779292 0.024545454545454544 0.031335149863760216
3 0.07863636363636364 0.5497275204359673 0.03 0.06403269754768393
3 0.1040909090909091 0.534741144414169 0.028181818181818183 0.04223433242506812
3 0.13090909090909092 0.5572207084468664 0.02909090909090909 0.05722070844686648
3 0.15818181818181817 0.5667574931880109 0.03090909090909091 0.051771117166212535
3 0.19136363636363637 0.5674386920980926 0.03 0.03678474114441417
0 0.1968181818181818 0.526566757493188 0.019090909090909092 0.025885558583106268
0 0.22181818181818183 0.5279291553133515 0.01818181818181818 0.02316076294277929
0 0.2545454545454545 0.5252043596730245 0.02 0.020435967302452316
0 0.33 0.526566757493188 0.02 0.02316076294277929
0 0.37227272727272726 0.5429155313351499 0.015454545454545455 0.020435967302452316
0 0.39090909090909093 0.5401907356948229 0.02 0.025885558583106268
0 0.3459090909090909 0.5102179836512262 0.017272727272727273 0.025885558583106268
0 0.37318181818181817 0.510899182561308 0.015454545454545455 0.027247956403269755
0 0.4222727272727273 0.5224795640326976 0.017272727272727273 0.02316076294277929
0 0.4445454545454545 0.5204359673024523 0.01818181818181818 0.027247956403269755
0 0.4727272727272727 0.5143051771117166 0.02 0.020435967302452316
0 0.49727272727272726 0.5197547683923706 0.01818181818181818 0.02316076294277929
0 0.5490909090909091 0.5204359673024523 0.016363636363636365 0.021798365122615803
0 0.5845454545454546 0.523841961852861 0.01818181818181818 0.02316076294277929
0 0.6004545454545455 0.5183923705722071 0.017272727272727273 0.02861035422343324
0 0.6245454545454545 0.5231607629427792 0.02 0.021798365122615803
0 0.6531818181818182 0.5224795640326976 0.017272727272727273 0.02861035422343324
0 0.6822727272727273 0.5313351498637602 0.015454545454545455 0.021798365122615803
0 0.7018181818181818 0.5367847411444142 0.016363636363636365 0.027247956403269755
0 0.7240909090909091 0.532016348773842 0.019090909090909092 0.025885558583106268
0 0.9509090909090909 0.5183923705722071 0.02181818181818182 0.025885558583106268
0 0.9259090909090909 0.5040871934604905 0.017272727272727273 0.021798365122615803
0 0.855909090909091 0.5122615803814714 0.019090909090909092 0.021798365122615803