2 0.2120689655172414 0.11042944785276074 0.09827586206896552 0.2116564417177914
3 0.7974137931034483 0.7254601226993865 0.10344827586206896 0.30368098159509205
3 0.4379310344827586 0.6257668711656442 0.09655172413793103 0.18711656441717792
0 0.4939655172413793 0.4938650306748466 0.1 0.12883435582822086
0 0.7793103448275862 0.4785276073619632 0.07586206896551724 0.12883435582822086
0 0.6948275862068966 0.5766871165644172 0.034482758620689655 0.06134969325153374
0 0.5793103448275863 0.5414110429447853 0.029310344827586206 0.03987730061349693
0 0.23103448275862068 0.4233128834355828 0.04310344827586207 0.06441717791411043
3 0.22586206896551725 0.5337423312883436 0.07241379310344828 0.1196319018404908
0 0.2801724137931034 0.012269938650306749 0.0706896551724138 0.024539877300613498
0 0.9258620689655173 0.6211656441717791 0.05344827586206897 0.0736196319018405