2 0.10272727272727272 0.7043596730245232 0.15636363636363637 0.3787465940054496
0 0.4318181818181818 0.5422343324250681 0.06181818181818182 0.08174386920980926
0 0.5345454545454545 0.5613079019073569 0.06181818181818182 0.08446866485013624
0 0.057272727272727274 0.4877384196185286 0.025454545454545455 0.02997275204359673
0 0.15363636363636363 0.4318801089918256 0.09636363636363636 0.10899182561307902
1 0.3518181818181818 0.494550408719346 0.06 0.09264305177111716
2 0.31 0.6743869209809265 0.10727272727272727 0.25885558583106266
0 0.02181818181818182 0.4891008174386921 0.023636363636363636 0.027247956403269755
2 0.5036363636363637 0.779291553133515 0.10363636363636364 0.2670299727520436
0 0.22727272727272727 0.5163487738419619 0.05818181818181818 0.0653950953678474
0 0.20545454545454545 0.5667574931880109 0.06181818181818182 0.09264305177111716
0 0.8336363636363636 0.667574931880109 0.04363636363636364 0.06267029972752043
0 0.7736363636363637 0.6280653950953679 0.045454545454545456 0.05994550408719346
0 0.9609090909090909 0.6880108991825613 0.04 0.05994550408719346
0 0.4727272727272727 0.5749318801089919 0.04909090909090909 0.07084468664850137
0 0.38636363636363635 0.5694822888283378 0.03636363636363636 0.03814713896457766