3 0.38461538461538464 0.42857142857142855 0.08307692307692308 0.17972350230414746
3 0.5723076923076923 0.5172811059907834 0.06769230769230769 0.15207373271889402
3 0.29307692307692307 0.39285714285714285 0.07230769230769231 0.1359447004608295
0 0.4815384615384615 0.3225806451612903 0.036923076923076927 0.04377880184331797
3 0.7330769230769231 0.554147465437788 0.1 0.1912442396313364
0 0.41615384615384615 0.2868663594470046 0.05076923076923077 0.052995391705069124
0 0.5823076923076923 0.3847926267281106 0.046153846153846156 0.05069124423963134
0 0.7461538461538462 0.3836405529953917 0.06923076923076923 0.07834101382488479
0 0.3038461538461538 0.28110599078341014 0.036923076923076927 0.03456221198156682
3 0.47307692307692306 0.4205069124423963 0.06461538461538462 0.12211981566820276
0 0.5415384615384615 0.35253456221198154 0.027692307692307693 0.03917050691244239
3 0.5407692307692308 0.47580645161290325 0.04 0.10599078341013825
3 0.5176923076923077 0.44585253456221197 0.046153846153846156 0.10829493087557604
0 0.5538461538461539 0.3686635944700461 0.03230769230769231 0.03917050691244239