0 0.886 0.21771771771771772 0.176 0.1831831831831832
2 0.725 0.4894894894894895 0.164 0.37537537537537535
2 0.18 0.6096096096096096 0.14 0.3123123123123123
0 0.423 0.3033033033033033 0.05 0.04804804804804805
3 0.342 0.4744744744744745 0.08 0.16816816816816818
0 0.687 0.16516516516516516 0.114 0.12012012012012012
3 0.443 0.481981981981982 0.104 0.2132132132132132
0 0.801 0.17267267267267267 0.096 0.0990990990990991
0 0.497 0.28378378378378377 0.072 0.07507507507507508
1 0.158 0.3768768768768769 0.12 0.1891891891891892
0 0.32 0.3333333333333333 0.062 0.06306306306306306
2 0.604 0.3078078078078078 0.07 0.08708708708708708
2 0.912 0.6186186186186187 0.176 0.45045045045045046
2 0.827 0.4444444444444444 0.096 0.2972972972972973
2 0.62 0.515015015015015 0.1 0.24624624624624625
2 0.528 0.46846846846846846 0.096 0.23723723723723725
0 0.385 0.3138138138138138 0.05 0.06906906906906907
0 0.277 0.3663663663663664 0.038 0.05105105105105105
0 0.554 0.2822822822822823 0.042 0.057057057057057055
0 0.589 0.2627627627627628 0.056 0.06906906906906907
0 0.636 0.23873873873873874 0.042 0.06306306306306306
3 0.293 0.493993993993994 0.048 0.10810810810810811