0 0.155 0.2080979284369115 0.125 0.160075329566855
0 0.088125 0.3681732580037665 0.1325 0.160075329566855
0 0.25 0.1647834274952919 0.095 0.1167608286252354
0 0.395625 0.11581920903954802 0.07375 0.09227871939736347
0 0.480625 0.10922787193973635 0.0775 0.09792843691148775
0 0.601875 0.04143126177024482 0.06375 0.07909604519774012
0 0.391875 0.22128060263653485 0.095 0.11487758945386065
2 0.165625 0.7354048964218456 0.26 0.5141242937853108
2 0.446875 0.10734463276836158 0.0625 0.09792843691148775
0 0.58375 0.12052730696798493 0.09375 0.12429378531073447
1 0.550625 0.03954802259887006 0.04875 0.07909604519774012
2 0.4325 0.4745762711864407 0.18625 0.3408662900188324
2 0.240625 0.4548022598870056 0.1525 0.3050847457627119
1 0.4375 0.04519774011299435 0.0375 0.06591337099811675
1 0.348125 0.14030131826741996 0.0275 0.05273069679849341
1 0.3275 0.128060263653484 0.03125 0.05273069679849341
1 0.305 0.1271186440677966 0.02625 0.05084745762711865