2 0.8527272727272728 0.8256130790190735 0.16363636363636364 0.34877384196185285
0 0.5590909090909091 0.5653950953678474 0.06363636363636363 0.08446866485013624
0 0.45636363636363636 0.5463215258855586 0.06363636363636363 0.08719346049046321
0 0.9318181818181818 0.6485013623978202 0.025454545454545455 0.02997275204359673
0 0.8472727272727273 0.55858310626703 0.09818181818181818 0.11171662125340599
1 0.6445454545454545 0.547683923705722 0.06 0.09536784741144415
2 0.6563636363636364 0.7384196185286104 0.11272727272727273 0.2615803814713896
0 0.9663636363636363 0.6634877384196185 0.023636363636363636 0.027247956403269755
2 0.4509090909090909 0.7697547683923706 0.10909090909090909 0.26975476839237056
0 0.7627272727272727 0.614441416893733 0.06 0.0681198910081744
0 0.7745454545454545 0.6716621253405994 0.06363636363636363 0.09536784741144415
0 0.14909090909090908 0.5408719346049047 0.045454545454545456 0.06267029972752043
0 0.21363636363636362 0.5245231607629428 0.04727272727272727 0.06267029972752043
0 0.022727272727272728 0.5163487738419619 0.04181818181818182 0.05994550408719346
0 0.5145454545454545 0.5817438692098093 0.05090909090909091 0.07356948228882834
0 0.5990909090909091 0.6089918256130791 0.03636363636363636 0.04087193460490463