3 0.616875 0.6080827067669173 0.205 0.39097744360902253
3 0.42 0.5733082706766918 0.16 0.3233082706766917
3 0.85 0.5338345864661654 0.1375 0.31390977443609025
3 0.15625 0.5968045112781954 0.115 0.2631578947368421
3 0.254375 0.5639097744360902 0.1275 0.2857142857142857
0 0.768125 0.2791353383458647 0.05375 0.05639097744360902
2 0.058125 0.5610902255639098 0.10625 0.19548872180451127
0 0.05 0.38627819548872183 0.06375 0.06766917293233082
0 0.143125 0.3881578947368421 0.065 0.06390977443609022
0 0.679375 0.3383458646616541 0.03375 0.03383458646616541
0 0.23125 0.3167293233082707 0.0625 0.06015037593984962
0 0.58 0.27631578947368424 0.09375 0.09210526315789473
0 0.31375 0.36466165413533835 0.05375 0.06203007518796992
0 0.101875 0.4398496240601504 0.04 0.03759398496240601
3 0.336875 0.5357142857142857 0.075 0.21052631578947367
3 0.94375 0.4473684210526316 0.08875 0.19924812030075187
3 0.761875 0.49154135338345867 0.07875 0.22932330827067668
0 0.40875 0.3082706766917293 0.09 0.12030075187969924
0 0.46125 0.337406015037594 0.0375 0.06015037593984962
0 0.936875 0.2819548872180451 0.05 0.05263157894736842
0 0.885 0.3073308270676692 0.03875 0.043233082706766915
0 0.90625 0.287593984962406 0.0275 0.03759398496240601
0 0.724375 0.3242481203007519 0.05125 0.06390977443609022
0 0.275625 0.38627819548872183 0.035 0.045112781954887216
0 0.35 0.3966165413533835 0.03125 0.039473684210526314