3 0.26140155728587317 0.6966192170818505 0.08231368186874305 0.17615658362989323
0 0.6407119021134594 0.38256227758007116 0.06229143492769744 0.06761565836298933
3 0.3236929922135706 0.7188612099644128 0.07230255839822025 0.17259786476868327
0 0.2447163515016685 0.27846975088967973 0.05561735261401557 0.06405693950177936
0 0.28086763070077864 0.5685053380782918 0.054505005561735265 0.06227758007117438
0 0.6345939933259177 0.7161921708185054 0.035595105672969966 0.033807829181494664
3 0.39543937708565075 0.7304270462633452 0.08453837597330367 0.22419928825622776
0 0.4794215795328142 0.2508896797153025 0.05672969966629588 0.07829181494661921
0 0.42491657397107896 0.5854092526690391 0.054505005561735265 0.08540925266903915
0 0.5083426028921023 0.6725978647686833 0.034482758620689655 0.046263345195729534
0 0.4794215795328142 0.6379003558718861 0.04004449388209121 0.04804270462633452
0 0.3704115684093437 0.6485765124555161 0.03114571746384872 0.05338078291814947
3 0.22914349276974416 0.4083629893238434 0.08898776418242492 0.18149466192170818
3 0.4532814238042269 0.37722419928825623 0.09899888765294772 0.18861209964412812
3 0.6279199110122358 0.5480427046263345 0.11123470522803114 0.21708185053380782
3 0.5884315906562848 0.8176156583629893 0.10344827586206896 0.22241992882562278
3 0.45272525027808674 0.7660142348754448 0.08453837597330367 0.18861209964412812
3 0.5 0.800711743772242 0.06451612903225806 0.16370106761565836