3 0.7048498331479421 0.7778469750889679 0.06151279199110122 0.15848754448398575
0 0.37956618464961067 0.335 0.05644048943270301 0.048416370106761565
3 0.6413236929922135 0.7764768683274021 0.05199110122358176 0.1573665480427046
0 0.7799221357063404 0.3758007117437722 0.050667408231368186 0.04711743772241993
0 0.7039933259176863 0.6457117437722419 0.049632925472747495 0.0447864768683274
0 0.338642936596218 0.6627224199288256 0.03339265850945495 0.022544483985765123
3 0.5693437152391546 0.7623487544483986 0.05709677419354839 0.208576512455516
0 0.5548943270300334 0.2648576512455516 0.04877641824249166 0.06160142348754448
0 0.5608787541713015 0.6104626334519573 0.0453503893214683 0.0711743772241993
0 0.4676084538375973 0.6652135231316726 0.029944382647385987 0.03558718861209965
0 0.5005561735261401 0.6419395017793594 0.03593993325917687 0.03558718861209965
0 0.6053726362625139 0.6912099644128114 0.024816462736373748 0.04653024911032028
3 0.7769299221357063 0.5077935943060499 0.06845383759733037 0.16151245551601423
3 0.5625917686318131 0.39693950177935944 0.0778642936596218 0.1642526690391459
3 0.3683537263626251 0.5009608540925268 0.08641824249165739 0.19161921708185053
3 0.369210233592881 0.7774377224199288 0.0778642936596218 0.19983985765124557
3 0.5086874304783092 0.7760676156583629 0.062458286985539485 0.1697153024911032
3 0.4577753058954394 0.7931850533807829 0.04449388209121246 0.15192170818505338