2 0.5532727272727272 0.7994808743169399 0.08963636363636363 0.1310655737704918
2 0.09336363636363637 0.44866120218579236 0.04469090909090909 0.10434426229508197
0 0.5087272727272727 0.6742622950819672 0.04909090909090909 0.05431693989071038
0 0.5276363636363636 0.4545901639344262 0.03690909090909091 0.031174863387978143
0 0.6213454545454545 0.5482786885245902 0.024672727272727273 0.02866120218579235
0 0.3191090909090909 0.33117486338797814 0.025727272727272727 0.02150273224043716
1 0.11029090909090908 0.3660382513661202 0.04947272727272727 0.040437158469945354
0 0.027418181818181817 0.04199453551912568 0.04367272727272727 0.06068306010928962
0 0.4068181818181818 0.5628415300546448 0.011818181818181818 0.02185792349726776
0 0.48045454545454547 0.49453551912568305 0.017272727272727273 0.02185792349726776
0 0.5059090909090909 0.5116120218579235 0.015454545454545455 0.023224043715846996