2 0.285 0.4793233082706767 0.0825 0.17293233082706766
0 0.36875 0.3684210526315789 0.0475 0.045112781954887216
0 0.30875 0.34210526315789475 0.0525 0.06015037593984962
0 0.40875 0.39097744360902253 0.0325 0.03759398496240601
0 0.705 0.47368421052631576 0.0325 0.03759398496240601
0 0.26375 0.33458646616541354 0.0425 0.05263157894736842
0 0.08875 0.2781954887218045 0.0775 0.07894736842105263
0 0.7675 0.4830827067669173 0.0325 0.03383458646616541
2 0.34875 0.48120300751879697 0.0625 0.13157894736842105
2 0.65875 0.5657894736842105 0.07 0.14661654135338345
0 0.5725 0.4191729323308271 0.035 0.041353383458646614
2 0.4425 0.4849624060150376 0.0625 0.12030075187969924
0 0.1975 0.32142857142857145 0.08 0.09774436090225563
0 0.03625 0.2593984962406015 0.04 0.09774436090225563
3 0.04625 0.45112781954887216 0.08 0.20676691729323307
3 0.01875 0.5601503759398496 0.0375 0.2932330827067669
2 0.55625 0.5112781954887218 0.06 0.11654135338345864
2 0.61375 0.5206766917293233 0.0625 0.09774436090225563
2 0.5175 0.5 0.0375 0.07142857142857142
2 0.395 0.48120300751879697 0.0475 0.11278195488721804
0 0.52875 0.4342105263157895 0.03 0.03759398496240601
0 0.465 0.3890977443609023 0.0325 0.03383458646616541
0 0.8375 0.5206766917293233 0.0275 0.03759398496240601
0 0.905 0.543233082706767 0.0275 0.03759398496240601
0 0.81625 0.5037593984962406 0.0275 0.041353383458646614
0 0.625 0.43609022556390975 0.0275 0.03759398496240601
1 0.1325 0.3383458646616541 0.0875 0.13533834586466165
2 0.10875 0.543233082706767 0.115 0.2669172932330827
2 0.16875 0.4793233082706767 0.0775 0.15789473684210525
2 0.755 0.5695488721804511 0.0625 0.11654135338345864
2 0.8275 0.6090225563909775 0.06 0.11278195488721804
2 0.8925 0.6296992481203008 0.055 0.10902255639097744
1 0.66625 0.4718045112781955 0.0425 0.07142857142857142