0 0.081 0.36486486486486486 0.162 0.15315315315315314
2 0.28 0.5720720720720721 0.134 0.35435435435435436
2 0.828 0.4894894894894895 0.116 0.2972972972972973
0 0.544 0.2807807807807808 0.048 0.03903903903903904
3 0.649 0.4189189189189189 0.066 0.15915915915915915
0 0.265 0.24324324324324326 0.108 0.0990990990990991
3 0.553 0.46096096096096095 0.086 0.1981981981981982
0 0.156 0.2927927927927928 0.092 0.08408408408408409
0 0.468 0.2897897897897898 0.068 0.06306306306306306
1 0.812 0.2552552552552553 0.108 0.17117117117117117
0 0.648 0.2732732732732733 0.058 0.05105105105105105
2 0.368 0.35135135135135137 0.064 0.07507507507507508
2 0.098 0.7747747747747747 0.184 0.42342342342342343
2 0.174 0.5645645645645646 0.072 0.2882882882882883
2 0.385 0.5585585585585585 0.08 0.23423423423423423
2 0.468 0.4804804804804805 0.078 0.22522522522522523
0 0.582 0.2777777777777778 0.044 0.06006006006006006
0 0.694 0.2882882882882883 0.036 0.04504504504504504
0 0.413 0.3078078078078078 0.038 0.05105105105105105
0 0.376 0.30180180180180183 0.052 0.057057057057057055
0 0.326 0.2957957957957958 0.038 0.057057057057057055
3 0.7 0.4189189189189189 0.04 0.1021021021021021