0 0.7923625 0.09877589453860641 0.1085375 0.12621468926553672
0 0.8814 0.2323728813559322 0.116825 0.12365348399246703
0 0.6937000000000001 0.08832391713747646 0.0835125 0.09112994350282486
0 0.5443375 0.09064030131826742 0.0643875 0.07273069679849341
0 0.460725 0.11220338983050847 0.068325 0.07670433145009416
0 0.3319375 0.08753295668549906 0.0554875 0.06178907721280603
0 0.563725 0.19158192090395482 0.084025 0.087984934086629
2 0.8612125 0.616195856873823 0.19681249999999997 0.45830508474576276
2 0.492825 0.09928436911487759 0.0511125 0.08212806026365348
0 0.3615375 0.15862523540489643 0.080775 0.0999623352165725
1 0.38221249999999996 0.0688135593220339 0.039425 0.06807909604519774
2 0.562025 0.4519774011299435 0.1451875 0.29841807909604523
2 0.745675 0.3679472693032015 0.11442500000000001 0.27235404896421844
1 0.49278750000000004 0.036214689265536726 0.029812500000000002 0.05794726930320151
1 0.594225 0.09851224105461394 0.021150000000000002 0.046365348399246706
1 0.6125 0.07894538606403013 0.025 0.044915254237288135
1 0.6341375 0.07026365348399247 0.020187499999999997 0.044915254237288135