2 0.6422222222222222 0.4393491124260355 0.09555555555555556 0.15680473372781065
0 0.26222222222222225 0.2943786982248521 0.14444444444444443 0.1242603550295858
0 0.6377777777777778 0.28994082840236685 0.057777777777777775 0.05325443786982249
0 0.9355555555555556 0.2958579881656805 0.06 0.05621301775147929
0 0.06666666666666667 0.2958579881656805 0.08 0.07396449704142012
0 0.17333333333333334 0.28994082840236685 0.06888888888888889 0.07396449704142012
0 0.5022222222222222 0.28846153846153844 0.06 0.0621301775147929
0 0.5777777777777777 0.3106508875739645 0.044444444444444446 0.04142011834319527
0 0.44222222222222224 0.3106508875739645 0.07333333333333333 0.0650887573964497
0 0.7977777777777778 0.2973372781065089 0.1 0.08875739644970414
2 0.8233333333333334 0.5798816568047337 0.18666666666666668 0.34023668639053256
3 0.44666666666666666 0.5207100591715976 0.14222222222222222 0.23668639053254437
2 0.2411111111111111 0.6612426035502958 0.18888888888888888 0.4289940828402367
2 0.06222222222222222 0.5103550295857988 0.12444444444444444 0.2514792899408284