2 0.44363636363636366 0.7978142076502732 0.09090909090909091 0.13387978142076504
2 0.9072727272727272 0.45901639344262296 0.045454545454545456 0.10655737704918032
0 0.4890909090909091 0.6734972677595629 0.04909090909090909 0.0546448087431694
0 0.4727272727272727 0.453551912568306 0.03636363636363636 0.03278688524590164
0 0.3781818181818182 0.5450819672131147 0.025454545454545455 0.030054644808743168
0 0.6827272727272727 0.3360655737704918 0.025454545454545455 0.02185792349726776
1 0.8909090909090909 0.3756830601092896 0.04909090909090909 0.040983606557377046
0 0.9781818181818182 0.0546448087431694 0.04363636363636364 0.06284153005464481
0 0.5927272727272728 0.5655737704918032 0.012727272727272728 0.02185792349726776
0 0.52 0.49453551912568305 0.01818181818181818 0.02185792349726776
0 0.49363636363636365 0.5109289617486339 0.016363636363636365 0.02459016393442623