0 0.246875 0.05743879472693032 0.11875 0.11487758945386065
0 0.146875 0.1553672316384181 0.1275 0.14689265536723164
0 0.345625 0.05273069679849341 0.09125 0.10546139359698682
0 0.49375 0.0856873822975518 0.07 0.0847457627118644
0 0.575 0.12429378531073447 0.075 0.0903954802259887
0 0.704375 0.1271186440677966 0.06125 0.07344632768361582
0 0.465625 0.1807909604519774 0.09125 0.10546139359698682
2 0.131875 0.53954802259887 0.2375 0.4952919020715631
2 0.544375 0.10451977401129943 0.05875 0.09227871939736347
0 0.66875 0.1911487758945386 0.08875 0.1167608286252354
1 0.65625 0.09792843691148775 0.045 0.07532956685499058
2 0.443125 0.4397363465160075 0.17125 0.3258003766478343
2 0.26875 0.3173258003766478 0.13875 0.2937853107344633
1 0.55 0.0423728813559322 0.035 0.064030131826742
1 0.44375 0.08286252354048965 0.025 0.05084745762711865
1 0.4275 0.059322033898305086 0.02875 0.04896421845574388
1 0.406875 0.046139359698681735 0.02375 0.04896421845574388