0 0.36727272727272725 0.6049046321525886 0.025454545454545455 0.02997275204359673
0 0.30272727272727273 0.48092643051771117 0.023636363636363636 0.02997275204359673
0 0.17 0.5163487738419619 0.02727272727272727 0.027247956403269755
0 0.8072727272727273 0.6198910081743869 0.02181818181818182 0.02452316076294278
0 0.10727272727272727 0.38419618528610355 0.01818181818181818 0.021798365122615803
0 0.7318181818181818 0.5994550408719346 0.02 0.027247956403269755
0 0.8972727272727272 0.6307901907356949 0.023636363636363636 0.02452316076294278
0 0.5845454545454546 0.670299727520436 0.02727272727272727 0.0326975476839237
0 0.6963636363636364 0.6989100817438693 0.01818181818181818 0.027247956403269755
0 0.6436363636363637 0.6784741144414169 0.02 0.02452316076294278
0 0.6181818181818182 0.6566757493188011 0.025454545454545455 0.035422343324250684
0 0.6790909090909091 0.6485013623978202 0.02181818181818182 0.0326975476839237
0 0.7372727272727273 0.7084468664850136 0.023636363636363636 0.035422343324250684
0 0.7954545454545454 0.726158038147139 0.02181818181818182 0.02452316076294278
0 0.7427272727272727 0.6212534059945504 0.01818181818181818 0.027247956403269755
0 0.7754545454545455 0.6226158038147139 0.023636363636363636 0.027247956403269755
0 0.5436363636363636 0.6089918256130791 0.02181818181818182 0.02452316076294278
0 0.5209090909090909 0.5994550408719346 0.023636363636363636 0.02452316076294278
0 0.48 0.6294277929155313 0.02181818181818182 0.02997275204359673
0 0.4809090909090909 0.5831062670299727 0.02 0.027247956403269755
0 0.46090909090909093 0.6280653950953679 0.02181818181818182 0.03814713896457766
0 0.4163636363636364 0.5858310626702997 0.025454545454545455 0.03814713896457766
0 0.38636363636363635 0.5722070844686649 0.02181818181818182 0.027247956403269755
0 0.35454545454545455 0.55858310626703 0.02181818181818182 0.027247956403269755
0 0.3181818181818182 0.5980926430517711 0.01818181818181818 0.027247956403269755
0 0.29454545454545455 0.5286103542234333 0.01818181818181818 0.02452316076294278
0 0.3245454545454545 0.5435967302452316 0.02 0.02997275204359673
0 0.2690909090909091 0.5286103542234333 0.023636363636363636 0.0326975476839237
0 0.2636363636363636 0.5831062670299727 0.02181818181818182 0.02997275204359673
0 0.22818181818181818 0.5749318801089919 0.02 0.027247956403269755
0 0.23545454545454544 0.5204359673024523 0.025454545454545455 0.0326975476839237
0 0.20272727272727273 0.5136239782016349 0.01818181818181818 0.027247956403269755
0 0.1890909090909091 0.5762942779291553 0.025454545454545455 0.04087193460490463
0 0.16818181818181818 0.5776566757493188 0.02 0.02997275204359673
0 0.1618181818181818 0.4250681198910082 0.01818181818181818 0.02452316076294278
0 0.13363636363636364 0.4087193460490463 0.01818181818181818 0.027247956403269755
0 0.0809090909090909 0.385558583106267 0.01818181818181818 0.027247956403269755
3 0.5863636363636363 0.6008174386920981 0.03272727272727273 0.06267029972752043
3 0.7363636363636363 0.6689373297002725 0.034545454545454546 0.05449591280653951
3 0.7681818181818182 0.6771117166212534 0.034545454545454546 0.0681198910081744
3 0.8 0.6771117166212534 0.03636363636363636 0.0681198910081744
3 0.8409090909090909 0.667574931880109 0.04 0.08174386920980926
3 0.8872727272727273 0.6866485013623979 0.04 0.07901907356948229
3 0.9290909090909091 0.6975476839237057 0.038181818181818185 0.07084468664850137
3 0.7845454545454545 0.7683923705722071 0.03636363636363636 0.04632152588555858
3 0.7381818181818182 0.7574931880108992 0.034545454545454546 0.05449591280653951
3 0.69 0.7479564032697548 0.038181818181818185 0.05994550408719346
3 0.6354545454545455 0.7343324250681199 0.034545454545454546 0.05722070844686648
3 0.6709090909090909 0.6907356948228883 0.03272727272727273 0.05449591280653951
3 0.5809090909090909 0.720708446866485 0.045454545454545456 0.05994550408719346
3 0.5481818181818182 0.6607629427792916 0.04181818181818182 0.06267029972752043
3 0.5181818181818182 0.6471389645776566 0.03272727272727273 0.05449591280653951
3 0.5 0.6771117166212534 0.04 0.0653950953678474
3 0.4636363636363636 0.6811989100817438 0.034545454545454546 0.06267029972752043
3 0.42272727272727273 0.6662125340599455 0.04 0.05449591280653951
3 0.3654545454545455 0.6566757493188011 0.038181818181818185 0.05722070844686648
3 0.2927272727272727 0.5844686648501363 0.034545454545454546 0.04904632152588556
3 0.43727272727272726 0.5572207084468664 0.04 0.0653950953678474
3 0.46545454545454545 0.5613079019073569 0.02909090909090909 0.051771117166212535
3 0.6427272727272727 0.6185286103542235 0.03090909090909091 0.0653950953678474
3 0.6145454545454545 0.6103542234332425 0.03272727272727273 0.05994550408719346
3 0.5136363636363637 0.5708446866485014 0.023636363636363636 0.0326975476839237
3 0.5409090909090909 0.5776566757493188 0.02727272727272727 0.03814713896457766
3 0.07909090909090909 0.43869209809264303 0.03636363636363636 0.07084468664850137
3 0.10636363636363637 0.4305177111716621 0.03272727272727273 0.04904632152588556
3 0.13 0.4604904632152589 0.034545454545454546 0.06267029972752043
3 0.15545454545454546 0.4768392370572207 0.03636363636363636 0.05994550408719346
3 0.18818181818181817 0.48637602179836514 0.034545454545454546 0.043596730245231606
0 0.19818181818181818 0.44686648501362397 0.02181818181818182 0.02997275204359673
0 0.22272727272727272 0.4550408719346049 0.02 0.027247956403269755
0 0.25545454545454543 0.4604904632152589 0.02181818181818182 0.02452316076294278
0 0.3290909090909091 0.4822888283378747 0.02181818181818182 0.027247956403269755
0 0.3690909090909091 0.5095367847411444 0.01818181818181818 0.02452316076294278
0 0.3881818181818182 0.510899182561308 0.02181818181818182 0.02997275204359673
0 0.3472727272727273 0.47002724795640327 0.02 0.02997275204359673
0 0.37363636363636366 0.4782016348773842 0.01818181818181818 0.02997275204359673
0 0.4209090909090909 0.5013623978201635 0.02 0.027247956403269755
0 0.44272727272727275 0.5054495912806539 0.02181818181818182 0.0326975476839237
0 0.4718181818181818 0.5068119891008175 0.02181818181818182 0.02452316076294278
0 0.4954545454545455 0.5190735694822888 0.02 0.027247956403269755
0 0.5463636363636364 0.5326975476839237 0.01818181818181818 0.02452316076294278
0 0.5809090909090909 0.5449591280653951 0.02 0.027247956403269755
0 0.5963636363636363 0.5435967302452316 0.02 0.0326975476839237
0 0.62 0.555858310626703 0.02181818181818182 0.027247956403269755
0 0.6481818181818182 0.5626702997275205 0.02 0.0326975476839237
0 0.6754545454545454 0.5776566757493188 0.01818181818181818 0.02452316076294278
0 0.6945454545454546 0.5885558583106267 0.02 0.02997275204359673
0 0.7172727272727273 0.5899182561307902 0.02181818181818182 0.02997275204359673
0 0.9418181818181818 0.6348773841961853 0.023636363636363636 0.02997275204359673
0 0.9190909090909091 0.614441416893733 0.02 0.027247956403269755
0 0.8490909090909091 0.6049046321525886 0.02181818181818182 0.027247956403269755