0 0.25272727272727274 0.036986301369863014 0.14909090909090908 0.07397260273972603
3 0.16272727272727272 0.3356164383561644 0.2927272727272727 0.5205479452054794
3 0.3836363636363636 0.4178082191780822 0.15818181818181817 0.24383561643835616
0 0.5963636363636363 0.36575342465753424 0.04181818181818182 0.049315068493150684
0 0.4354545454545454 0.21643835616438356 0.08363636363636363 0.10136986301369863
0 0.6954545454545454 0.436986301369863 0.02727272727272727 0.030136986301369864
0 0.5172727272727272 0.27808219178082194 0.05818181818181818 0.07123287671232877
0 0.76 0.4780821917808219 0.02909090909090909 0.030136986301369864
0 0.6254545454545455 0.4041095890410959 0.03636363636363636 0.04657534246575343
0 0.8 0.4904109589041096 0.023636363636363636 0.030136986301369864
0 0.6472727272727272 0.4191780821917808 0.023636363636363636 0.030136986301369864
0 0.7272727272727273 0.45616438356164385 0.02727272727272727 0.030136986301369864
3 0.5736363636363636 0.4643835616438356 0.06909090909090909 0.12876712328767123
3 0.49 0.4315068493150685 0.10909090909090909 0.20273972602739726
3 0.6181818181818182 0.4849315068493151 0.04363636363636364 0.09315068493150686
3 0.68 0.5041095890410959 0.045454545454545456 0.09315068493150686
3 0.7163636363636363 0.5191780821917809 0.04181818181818182 0.0821917808219178
3 0.7472727272727273 0.5342465753424658 0.038181818181818185 0.07945205479452055