3 0.3597560975609756 0.5817120622568094 0.15121951219512195 0.33073929961089493
3 0.11341463414634147 0.5972762645914397 0.20243902439024392 0.4980544747081712
0 0.7353658536585366 0.4357976653696498 0.10975609756097561 0.10894941634241245
3 0.848780487804878 0.7782101167315175 0.28780487804878047 0.44357976653696496
0 0.3878048780487805 0.3229571984435798 0.08292682926829269 0.10116731517509728
3 0.6841463414634147 0.6906614785992218 0.15121951219512195 0.33073929961089493
3 0.22317073170731708 0.585603112840467 0.14634146341463414 0.36186770428015563
0 0.16951219512195123 0.2178988326848249 0.14878048780487804 0.17120622568093385
0 0.25609756097560976 0.29961089494163423 0.1 0.1245136186770428
0 0.48292682926829267 0.36186770428015563 0.08780487804878048 0.12062256809338522
0 0.8780487804878049 0.36186770428015563 0.20243902439024392 0.22178988326848248
0 0.9695121951219512 0.3715953307392996 0.06097560975609756 0.13618677042801555
3 0.48292682926829267 0.6167315175097277 0.17804878048780487 0.3346303501945525