0 0.8354545454545454 0.11643835616438356 0.14 0.15616438356164383
3 0.8545454545454545 0.4917808219178082 0.26 0.4849315068493151
3 0.6272727272727273 0.4726027397260274 0.14363636363636365 0.22465753424657534
0 0.43363636363636365 0.3287671232876712 0.04 0.0410958904109589
0 0.6172727272727273 0.25753424657534246 0.07818181818181819 0.08767123287671233
0 0.32545454545454544 0.35342465753424657 0.02727272727272727 0.024657534246575342
0 0.5263636363636364 0.27945205479452057 0.05454545454545454 0.06301369863013699
0 0.25545454545454543 0.3643835616438356 0.02727272727272727 0.0273972602739726
0 0.3981818181818182 0.35342465753424657 0.03272727272727273 0.043835616438356165
0 0.21545454545454545 0.3589041095890411 0.023636363636363636 0.024657534246575342
0 0.37454545454545457 0.35753424657534244 0.023636363636363636 0.0273972602739726
0 0.2918181818181818 0.35753424657534244 0.02727272727272727 0.0273972602739726
3 0.43636363636363634 0.4328767123287671 0.06181818181818182 0.1232876712328767
3 0.5227272727272727 0.4383561643835616 0.09636363636363636 0.18904109589041096
3 0.39 0.4328767123287671 0.038181818181818185 0.08767123287671233
3 0.32727272727272727 0.4246575342465753 0.04 0.08767123287671233
3 0.28909090909090907 0.4232876712328767 0.03636363636363636 0.07671232876712329
3 0.25727272727272726 0.4246575342465753 0.03272727272727273 0.07397260273972603