2 0.1870689655172414 0.17638036809815952 0.08620689655172414 0.19325153374233128
3 0.8103448275862069 0.6595092024539877 0.08448275862068966 0.2883435582822086
3 0.44741379310344825 0.6395705521472392 0.08620689655172414 0.1687116564417178
0 0.49310344827586206 0.495398773006135 0.09482758620689655 0.11042944785276074
0 0.7758620689655172 0.4187116564417178 0.06896551724137931 0.1165644171779141
0 0.6991379310344827 0.5352760736196319 0.03103448275862069 0.05521472392638037
0 0.5818965517241379 0.5230061349693251 0.027586206896551724 0.03680981595092025
0 0.22758620689655173 0.4815950920245399 0.039655172413793106 0.05521472392638037
3 0.23017241379310344 0.5920245398773006 0.06551724137931035 0.10736196319018405
0 0.24655172413793103 0.0352760736196319 0.06551724137931035 0.0705521472392638
0 0.9310344827586207 0.5276073619631901 0.05 0.06134969325153374