3 0.3431590656284761 0.8487544483985765 0.08342602892102335 0.17793594306049823
0 0.5917686318131257 0.29359430604982206 0.06229143492769744 0.0693950177935943
3 0.40489432703003336 0.8229537366548043 0.07452725250278086 0.17259786476868327
0 0.20967741935483872 0.4875444839857651 0.05672969966629588 0.06583629893238434
0 0.3242491657397108 0.7206405693950177 0.054505005561735265 0.06227758007117438
0 0.6813125695216907 0.5951957295373665 0.035595105672969966 0.03558718861209965
3 0.4721913236929922 0.7811387900355872 0.0867630700778643 0.22419928825622776
0 0.41101223581757507 0.29270462633451955 0.05672969966629588 0.07829181494661921
0 0.45773081201334814 0.6307829181494662 0.054505005561735265 0.08718861209964412
0 0.5561735261401557 0.6476868327402135 0.034482758620689655 0.046263345195729534
0 0.521134593993326 0.6379003558718861 0.04004449388209121 0.04804270462633452
0 0.42658509454949944 0.7259786476868327 0.03114571746384872 0.05516014234875445
3 0.2324805339265851 0.6147686832740213 0.09121245828698554 0.18327402135231316
3 0.42380422691879865 0.42437722419928825 0.10011123470522804 0.1903914590747331
3 0.6279199110122358 0.4501779359430605 0.11234705228031146 0.2188612099644128
3 0.6690767519466073 0.7188612099644128 0.10567296996662959 0.22419928825622776
3 0.5333704115684094 0.7713523131672598 0.0867630700778643 0.18861209964412812
3 0.5850945494994438 0.7677935943060499 0.06562847608453838 0.16548042704626334