2 0.3538444444444444 0.4556213017751479 0.08693333333333332 0.14772189349112427
0 0.7229555555555556 0.2669526627218935 0.13717777777777776 0.10784023668639055
0 0.3488222222222222 0.3062130177514793 0.055622222222222226 0.04798816568047337
0 0.052533333333333335 0.34781065088757396 0.05771111111111111 0.05047337278106508
0 0.918 0.24597633136094674 0.07582222222222222 0.06393491124260355
0 0.8111333333333333 0.2528698224852071 0.06406666666666666 0.06662721893491125
0 0.48442222222222225 0.290207100591716 0.05662222222222223 0.055828402366863907
0 0.4104666666666667 0.31976331360946747 0.04208888888888889 0.03710059171597633
0 0.5450444444444444 0.305414201183432 0.06882222222222222 0.056982248520710065
0 0.18995555555555557 0.33319526627218937 0.09628888888888888 0.07748520710059172
2 0.18306666666666666 0.6163609467455622 0.1650888888888889 0.32263313609467453
3 0.5544888888888889 0.5149408284023669 0.12911111111111112 0.22118343195266274
2 0.7682444444444444 0.6304733727810651 0.16295555555555555 0.41278106508875745
2 0.9402222222222223 0.4613905325443787 0.11957777777777778 0.23810650887573967