0 0.6981587301587301 0.7168000000000001 0.15771428571428572 0.19690000000000002
0 0.03076190476190476 0.3331 0.06155555555555556 0.14925
0 0.2958730158730159 0.39375 0.06247619047619048 0.068
0 0.36933333333333335 0.3804 0.04733333333333333 0.05125
0 0.44666666666666666 0.38630000000000003 0.08596825396825396 0.09939999999999999
2 0.2905714285714286 0.5875 0.11022222222222222 0.225
2 0.4625079365079365 0.69585 0.14549206349206348 0.3639
1 0.7138412698412698 0.3632 0.1013968253968254 0.21805
0 0.7852698412698413 0.38265 0.06965079365079366 0.12085000000000001
1 0.5700952380952381 0.4611 0.04850793650793651 0.09720000000000001
0 0.5515873015873016 0.675 0.06438095238095239 0.11945
2 0.36552380952380953 0.47015 0.06790476190476191 0.06805
0 0.376984126984127 0.52985 0.04498412698412698 0.0764
2 0.07628571428571429 0.65485 0.13314285714285715 0.3375