2 0.715 0.518796992481203 0.07 0.16165413533834586
0 0.64 0.39473684210526316 0.045 0.03759398496240601
0 0.7025 0.37781954887218044 0.05 0.05263157894736842
0 0.6 0.40789473684210525 0.03 0.03007518796992481
0 0.29875 0.43609022556390975 0.03 0.03007518796992481
0 0.74875 0.37781954887218044 0.04 0.045112781954887216
0 0.92625 0.35526315789473684 0.075 0.06766917293233082
0 0.23625 0.4342105263157895 0.03 0.03007518796992481
2 0.65125 0.5075187969924813 0.055 0.12406015037593984
2 0.33625 0.5375939849624061 0.06 0.13909774436090225
0 0.435 0.40601503759398494 0.035 0.03383458646616541
2 0.5575 0.4943609022556391 0.055 0.11278195488721804
0 0.815 0.37781954887218044 0.075 0.08646616541353383
0 0.97875 0.34962406015037595 0.035 0.09398496240601503
3 0.95375 0.5357142857142857 0.065 0.20300751879699247
3 0.98125 0.6541353383458647 0.0375 0.2932330827067669
2 0.44375 0.5018796992481203 0.0525 0.10902255639097744
2 0.385 0.4981203007518797 0.055 0.09022556390977443
2 0.4825 0.4981203007518797 0.0325 0.06766917293233082
2 0.60625 0.5018796992481203 0.04 0.10526315789473684
0 0.4775 0.42857142857142855 0.0275 0.03383458646616541
0 0.54375 0.3966165413533835 0.03 0.03007518796992481
0 0.16375 0.45864661654135336 0.0275 0.03383458646616541
0 0.09375 0.4680451127819549 0.0275 0.03383458646616541
0 0.18625 0.44548872180451127 0.025 0.03759398496240601
0 0.38 0.41353383458646614 0.025 0.03383458646616541
1 0.87875 0.40601503759398494 0.0775 0.12406015037593984
2 0.885 0.6146616541353384 0.0975 0.2593984962406015
2 0.83125 0.5394736842105263 0.0675 0.15037593984962405
2 0.24125 0.5225563909774437 0.055 0.10902255639097744
2 0.165 0.5488721804511278 0.0525 0.10526315789473684
2 0.1 0.5582706766917294 0.0475 0.10526315789473684
1 0.33625 0.4417293233082707 0.0375 0.06390977443609022