2 0.11930909090909092 0.7660217983651226 0.13105454545454545 0.3608446866485014
0 0.435 0.5522888283378746 0.05767272727272727 0.07326975476839237
0 0.5388545454545455 0.5550953678474114 0.05761818181818182 0.07558583106267029
0 0.058709090909090905 0.5574659400544959 0.02301818181818182 0.0253133514986376
0 0.1507090909090909 0.4861580381471389 0.08978181818181818 0.09474114441416895
1 0.352 0.5174386920980927 0.05354545454545454 0.08376021798365123
2 0.32294545454545454 0.7038419618528611 0.0906909090909091 0.24514986376021797
0 0.02338181818181818 0.5644141689373297 0.02250909090909091 0.023623978201634876
2 0.5231818181818182 0.7772479564032697 0.08636363636363636 0.2547683923705722
0 0.22954545454545455 0.5592643051771117 0.05545454545454546 0.055858310626702996
0 0.21181818181818182 0.6123978201634878 0.056363636363636366 0.08310626702997276
0 0.8436363636363636 0.6137602179836512 0.04 0.055858310626702996
0 0.7813636363636364 0.5844686648501363 0.042727272727272725 0.05449591280653951
0 0.9713636363636363 0.6151226158038147 0.03727272727272727 0.05313351498637602
0 0.4781818181818182 0.5783378746594006 0.045454545454545456 0.06403269754768393
0 0.39136363636363636 0.5865122615803815 0.03363636363636364 0.0340599455040872