0 0.6209090909090909 0.46584699453551914 0.07818181818181819 0.13387978142076504
0 0.23545454545454544 0.3907103825136612 0.02727272727272727 0.0273224043715847
0 0.6736363636363636 0.453551912568306 0.04909090909090909 0.08743169398907104
0 0.9218181818181819 0.4781420765027322 0.06363636363636363 0.0546448087431694
3 0.16272727272727272 0.8565573770491803 0.14727272727272728 0.28688524590163933
0 0.2772727272727273 0.3907103825136612 0.02727272727272727 0.0273224043715847
0 0.1481818181818182 0.5163934426229508 0.1 0.13934426229508196
0 0.49272727272727274 0.38524590163934425 0.06909090909090909 0.13114754098360656
0 0.37454545454545457 0.35792349726775957 0.045454545454545456 0.10109289617486339
0 0.3209090909090909 0.3879781420765027 0.056363636363636366 0.07923497267759563
0 0.08545454545454545 0.5245901639344263 0.05272727272727273 0.11202185792349727
3 0.39636363636363636 0.8046448087431693 0.1290909090909091 0.27049180327868855
3 0.5609090909090909 0.7950819672131147 0.13090909090909092 0.26229508196721313
3 0.32 0.6789617486338798 0.07454545454545454 0.18032786885245902
3 0.05090909090909091 0.8387978142076503 0.07818181818181819 0.2677595628415301
3 0.03 0.6366120218579235 0.05454545454545454 0.12568306010928962
3 0.2545454545454545 0.7240437158469946 0.08181818181818182 0.16939890710382513
3 0.7090909090909091 0.7609289617486339 0.14727272727272728 0.273224043715847
3 0.8536363636363636 0.7650273224043715 0.14 0.26229508196721313
3 0.9636363636363636 0.8046448087431693 0.07272727272727272 0.2540983606557377
3 0.93 0.6284153005464481 0.1 0.15846994535519127
0 0.769090909090909 0.3948087431693989 0.08181818181818182 0.09836065573770492
0 0.6090909090909091 0.3360655737704918 0.05090909090909091 0.08743169398907104
0 0.4036363636363636 0.3442622950819672 0.04 0.060109289617486336
0 0.72 0.4344262295081967 0.04727272727272727 0.09289617486338798
0 0.5990909090909091 0.5163934426229508 0.06181818181818182 0.09562841530054644
0 0.9527272727272728 0.3866120218579235 0.08363636363636363 0.12295081967213115
1 0.85 0.5860655737704918 0.06363636363636363 0.11475409836065574
1 0.6963636363636364 0.5765027322404371 0.07818181818181819 0.11748633879781421
1 0.5472727272727272 0.6379781420765027 0.07090909090909091 0.12568306010928962
1 0.3845454545454545 0.6202185792349727 0.07090909090909091 0.12295081967213115
1 0.3054545454545455 0.5450819672131147 0.05272727272727273 0.09289617486338798
1 0.22636363636363635 0.6120218579234973 0.056363636363636366 0.09836065573770492
1 0.12363636363636364 0.6775956284153005 0.08363636363636363 0.1092896174863388
1 0.08545454545454545 0.6092896174863388 0.06545454545454546 0.09836065573770492
1 0.017272727272727273 0.5368852459016393 0.034545454545454546 0.07923497267759563
1 0.5354545454545454 0.5273224043715847 0.05272727272727273 0.10109289617486339
1 0.56 0.4672131147540984 0.04 0.06284153005464481