2 0.268 0.3033033033033033 0.058 0.11711711711711711
3 0.605 0.46546546546546547 0.094 0.22822822822822822
0 0.118 0.20270270270270271 0.03 0.036036036036036036
2 0.514 0.3738738738738739 0.068 0.13213213213213212
0 0.737 0.3138138138138138 0.08 0.09309309309309309
0 0.271 0.21021021021021022 0.038 0.04504504504504504
0 0.622 0.2897897897897898 0.054 0.07507507507507508
3 0.888 0.42492492492492495 0.054 0.0990990990990991
0 0.142 0.21921921921921922 0.038 0.04804804804804805
2 0.345 0.33783783783783783 0.05 0.0960960960960961
2 0.419 0.32882882882882886 0.058 0.08408408408408409
3 0.57 0.35135135135135137 0.05 0.0960960960960961
1 0.523 0.2702702702702703 0.046 0.07207207207207207
0 0.426 0.25375375375375375 0.028 0.042042042042042045
0 0.202 0.22522522522522523 0.034 0.04504504504504504
0 0.072 0.18768768768768768 0.028 0.036036036036036036
0 0.039 0.21021021021021022 0.038 0.04504504504504504
0 0.795 0.33183183183183185 0.022 0.036036036036036036
0 0.582 0.2747747747747748 0.022 0.03903903903903904
0 0.561 0.2702702702702703 0.026 0.042042042042042045
3 0.785 0.3858858858858859 0.046 0.042042042042042045
0 0.894 0.3483483483483483 0.026 0.03303303303303303
0 0.352 0.25825825825825827 0.024 0.03003003003003003
0 0.869 0.3483483483483483 0.022 0.036036036036036036
0 0.851 0.35135135135135137 0.024 0.036036036036036036
0 0.813 0.33933933933933935 0.022 0.03003003003003003