2 0.536 0.33542976939203356 0.101 0.2138364779874214
0 0.558 0.14150943396226415 0.056 0.0859538784067086
0 0.3715 0.0870020964360587 0.055 0.0859538784067086
0 0.814 0.3029350104821803 0.05 0.07966457023060797
0 0.2145 0.011530398322851153 0.055 0.023060796645702306
0 0.646 0.18972746331236898 0.056 0.08385744234800839
0 0.465 0.0880503144654088 0.054 0.07966457023060797
0 0.1195 0.012578616352201259 0.049 0.025157232704402517
0 0.748 0.2180293501048218 0.052 0.07756813417190776
0 0.2965 0.07756813417190776 0.051 0.07966457023060797
1 0.9045 0.35429769392033544 0.048 0.11530398322851153
2 0.8855 0.5241090146750524 0.093 0.24528301886792453
2 0.7995 0.5 0.09 0.23270440251572327
2 0.722 0.40670859538784065 0.097 0.23060796645702306
2 0.638 0.37945492662473795 0.097 0.2138364779874214
3 0.4465 0.2882599580712788 0.105 0.23689727463312368
2 0.3605 0.2631027253668763 0.08 0.2138364779874214
3 0.271 0.2641509433962264 0.091 0.23270440251572327
2 0.189 0.1761006289308176 0.095 0.2389937106918239
2 0.103 0.16771488469601678 0.071 0.1970649895178197