2 0.094375 0.44858156028368795 0.18875 0.40425531914893614
0 0.810625 0.3829787234042553 0.25875 0.2801418439716312
2 0.551875 0.49113475177304966 0.14875 0.29609929078014185
2 0.77 0.8421985815602837 0.4225 0.31560283687943264
2 0.388125 0.425531914893617 0.165 0.274822695035461
2 0.23875 0.41134751773049644 0.13375 0.23049645390070922
1 0.18375 0.1950354609929078 0.145 0.20567375886524822
1 0.3025 0.2375886524822695 0.10125 0.18085106382978725
1 0.405 0.2553191489361702 0.09125 0.16666666666666666
1 0.52125 0.28191489361702127 0.1025 0.17198581560283688
1 0.6375 0.25 0.1425 0.19858156028368795