2 0.10375 0.3882978723404255 0.2075 0.4219858156028369
0 0.8175 0.42907801418439717 0.2725 0.3102836879432624
2 0.5525 0.499113475177305 0.1675 0.3102836879432624
2 0.74125 0.848404255319149 0.435 0.30319148936170215
2 0.394375 0.4095744680851064 0.18 0.2925531914893617
2 0.246875 0.37322695035460995 0.1475 0.24468085106382978
1 0.2075 0.149822695035461 0.15625 0.22163120567375885
1 0.3225 0.20921985815602837 0.11125 0.19148936170212766
1 0.42375 0.24202127659574468 0.10125 0.17553191489361702
1 0.536875 0.28634751773049644 0.1125 0.18085106382978725
1 0.655 0.2721631205673759 0.1525 0.21453900709219859