3 0.1495 0.8912621359223301 0.147 0.16601941747572815
3 0.6895 0.8038834951456311 0.135 0.19902912621359223
2 0.125 0.5946601941747572 0.154 0.17281553398058253
0 0.055 0.129126213592233 0.085 0.06893203883495146
0 0.2105 0.07864077669902912 0.081 0.06310679611650485
0 0.1015 0.43640776699029127 0.093 0.06601941747572816
0 0.6535 0.06262135922330098 0.086 0.06504854368932039
0 0.739 0.009708737864077669 0.082 0.019417475728155338
0 0.625 0.3611650485436893 0.104 0.07864077669902912
0 0.13 0.7466019417475728 0.078 0.062135922330097085
0 0.6505 0.6436893203883495 0.071 0.05631067961165048
0 0.5445 0.6723300970873787 0.073 0.05436893203883495
0 0.78 0.32184466019417474 0.098 0.07475728155339806
0 0.7975 0.6276699029126214 0.076 0.06116504854368932
0 0.425 0.39611650485436894 0.095 0.07281553398058252
0 0.3275 0.6844660194174758 0.074 0.05436893203883495
0 0.3055 0.3635922330097087 0.097 0.07475728155339806
0 0.2485 0.7504854368932039 0.076 0.059223300970873784
0 0.8715 0.6106796116504855 0.088 0.06699029126213592
0 0.523 0.02815533980582524 0.082 0.05631067961165048
0 0.438 0.6966019417475728 0.072 0.05436893203883495
2 0.562 0.8330097087378641 0.177 0.1912621359223301
0 0.367 0.08300970873786408 0.087 0.06601941747572816
2 0.374 0.8344660194174758 0.159 0.19223300970873786
2 0.789 0.1563106796116505 0.192 0.20485436893203884
2 0.677 0.2004854368932039 0.161 0.1407766990291262
2 0.5375 0.1859223300970874 0.165 0.19611650485436893
2 0.3985 0.23106796116504855 0.148 0.15145631067961166
2 0.243 0.22718446601941747 0.174 0.170873786407767
2 0.086 0.2689320388349515 0.172 0.16116504854368932
2 0.3065 0.5563106796116505 0.269 0.21359223300970873
2 0.4755 0.5451456310679612 0.141 0.1553398058252427
2 0.6225 0.5184466019417475 0.199 0.18058252427184465
2 0.81 0.4883495145631068 0.214 0.19320388349514564
2 0.9235 0.7834951456310679 0.153 0.19223300970873786
2 0.815 0.7941747572815534 0.147 0.2
2 0.277 0.8970873786407767 0.135 0.15436893203883495