2 0.25457875457875456 0.8137614678899082 0.199023199023199 0.3724770642201835
2 0.5708180708180708 0.6788990825688074 0.2576312576312576 0.4036697247706422
2 0.8235653235653235 0.6110091743119266 0.18315018315018314 0.3137614678899083
0 0.6715506715506715 0.3211009174311927 0.06837606837606838 0.07706422018348624
0 0.31196581196581197 0.46055045871559636 0.06227106227106227 0.060550458715596334
1 0.22466422466422467 0.5577981651376147 0.08547008547008547 0.13944954128440368
1 0.4084249084249084 0.48990825688073397 0.06471306471306472 0.10458715596330276
1 0.8034188034188035 0.3688073394495413 0.11965811965811966 0.1779816513761468
0 0.5366300366300366 0.3587155963302752 0.11965811965811966 0.14495412844036698
2 0.40293040293040294 0.6743119266055045 0.11843711843711843 0.22752293577981653
2 0.6941391941391941 0.47522935779816516 0.1282051282051282 0.14678899082568808
2 0.32051282051282054 0.5825688073394495 0.10622710622710622 0.11192660550458716
0 0.15934065934065933 0.8440366972477065 0.08302808302808302 0.1798165137614679