2 0.08945 0.5194858156028369 0.1654625 0.3783156028368794
0 0.7983499999999999 0.32975177304964537 0.2401875 0.2397340425531915
2 0.550875 0.4820390070921986 0.1265 0.2765248226950355
2 0.7983875 0.8071808510638298 0.4022375 0.2746099290780142
2 0.38268749999999996 0.4453014184397163 0.144225 0.252322695035461
2 0.233175 0.4568971631205674 0.11635 0.2127659574468085
1 0.1596125 0.25163120567375885 0.130775 0.18413120567375885
1 0.28125 0.27345744680851064 0.0875 0.16776595744680853
1 0.3846125 0.27345744680851064 0.07885 0.15411347517730498
1 0.5024000000000001 0.2802836879432624 0.089425 0.15684397163120567
1 0.6149 0.22845744680851063 0.12788750000000002 0.17867021276595743