2 0.493 0.319706498951782 0.094 0.19916142557651992
0 0.5035 0.12159329140461216 0.054 0.07547169811320754
0 0.6885 0.20440251572327045 0.053 0.07756813417190776
0 0.237 0.08909853249475891 0.048 0.07127882599580712
0 0.8525 0.2169811320754717 0.053 0.07547169811320754
0 0.4135 0.10377358490566038 0.054 0.07547169811320754
0 0.6 0.13836477987421383 0.052 0.06918238993710692
0 0.9405 0.2914046121593291 0.047 0.06708595387840671
0 0.313 0.057651991614255764 0.05 0.06918238993710692
0 0.7605 0.24842767295597484 0.049 0.07127882599580712
1 0.1435 0.07232704402515723 0.044 0.1090146750524109
2 0.134 0.24633123689727462 0.084 0.23270440251572327
2 0.2185 0.2861635220125786 0.081 0.22012578616352202
2 0.3065 0.25366876310272535 0.089 0.21593291404612158
2 0.39 0.28721174004192873 0.09 0.20125786163522014
3 0.5845 0.33962264150943394 0.096 0.2222222222222222
2 0.6695 0.37735849056603776 0.072 0.20335429769392033
3 0.754 0.44234800838574423 0.082 0.2222222222222222
2 0.845 0.4192872117400419 0.086 0.22641509433962265
2 0.9275 0.4727463312368973 0.063 0.18867924528301888