2 0.7755311355311355 0.7636330275229358 0.16395604395604396 0.3579633027522936
2 0.449010989010989 0.6936697247706423 0.22369963369963372 0.35588990825688077
2 0.19177045177045177 0.6859266055045872 0.15604395604395604 0.2810275229357798
0 0.3121367521367521 0.36335779816513764 0.06302808302808302 0.06332110091743119
0 0.6813308913308913 0.4168256880733945 0.057374847374847375 0.048183486238532115
1 0.7780463980463981 0.4926422018348624 0.07290598290598291 0.12467889908256881
1 0.5893040293040293 0.46816513761467893 0.05540903540903541 0.09293577981651376
1 0.1868986568986569 0.44194495412844037 0.10459096459096459 0.15522935779816513
0 0.44894993894993895 0.3690825688073395 0.10894993894993896 0.11996330275229357
2 0.6137851037851038 0.6492660550458716 0.09862026862026861 0.20607339449541284
2 0.3057142857142857 0.5208256880733946 0.11739926739926741 0.12137614678899084
2 0.686105006105006 0.5391743119266056 0.09862026862026861 0.0903302752293578
0 0.8720757020757021 0.7593577981651377 0.06669108669108668 0.16655045871559632