3 0.9455 0.7514563106796116 0.109 0.16893203883495145
3 0.429 0.8480582524271845 0.141 0.20194174757281552
2 0.8855 0.4645631067961165 0.158 0.17572815533980582
0 0.7875 0.019417475728155338 0.087 0.038834951456310676
0 0.6235 0.020388349514563107 0.083 0.040776699029126215
0 0.852 0.30776699029126214 0.094 0.06893203883495146
0 0.202 0.13980582524271845 0.087 0.06699029126213592
0 0.095 0.1 0.083 0.062135922330097085
0 0.3335 0.4111650485436893 0.105 0.08155339805825243
0 0.9345 0.6087378640776699 0.079 0.06407766990291262
0 0.409 0.6849514563106797 0.073 0.05825242718446602
0 0.519 0.6766990291262136 0.074 0.05631067961165048
0 0.174 0.42572815533980585 0.1 0.0766990291262136
0 0.2655 0.7184466019417476 0.078 0.06310679611650485
0 0.534 0.37766990291262137 0.096 0.07572815533980583
0 0.727 0.616504854368932 0.075 0.05631067961165048
0 0.635 0.30728155339805824 0.099 0.07766990291262135
0 0.825 0.6519417475728155 0.078 0.06116504854368932
0 0.19 0.7276699029126213 0.09 0.06893203883495146
0 0.3105 0.06116504854368932 0.083 0.06601941747572816
0 0.6275 0.6640776699029126 0.073 0.05631067961165048
2 0.559 0.833495145631068 0.182 0.19514563106796118
0 0.478 0.06359223300970873 0.088 0.06893203883495146
2 0.7365 0.7723300970873787 0.165 0.19611650485436893
2 0.1075 0.2733009708737864 0.197 0.2087378640776699
2 0.2285 0.2771844660194175 0.164 0.14466019417475728
2 0.354 0.2174757281553398 0.171 0.2
2 0.501 0.21359223300970873 0.152 0.15436893203883495
2 0.6455 0.15825242718446603 0.178 0.17475728155339806
2 0.8115 0.1436893203883495 0.184 0.16601941747572815
2 0.7015 0.4888349514563107 0.274 0.2203883495145631
2 0.539 0.5344660194174757 0.145 0.15825242718446603
2 0.3915 0.5577669902912621 0.203 0.18543689320388348
2 0.2045 0.591747572815534 0.219 0.19902912621359223
2 0.2005 0.9048543689320389 0.159 0.19029126213592232
2 0.308 0.8810679611650486 0.153 0.2029126213592233
2 0.8495 0.7995145631067961 0.139 0.15728155339805824