3 0.90924 0.8332912621359223 0.12492 0.14866990291262136
3 0.36202 0.828747572815534 0.10695 0.18514563106796114
2 0.88559 0.5367572815533981 0.13043000000000002 0.15479611650485436
0 0.87964 0.06599029126213592 0.07692 0.05771844660194175
0 0.7181000000000001 0.03969902912621359 0.07361 0.053038834951456316
0 0.88319 0.3767184466019417 0.08506 0.05397087378640777
0 0.2781 0.09133980582524272 0.07784999999999999 0.05393203883495146
0 0.18106999999999998 0.03230097087378641 0.07456 0.04954368932038835
0 0.35429 0.38179611650485434 0.0943 0.0649126213592233
0 0.9052899999999999 0.6873009708737864 0.07015 0.05213592233009709
0 0.37448000000000004 0.6649611650485436 0.06462000000000001 0.04677669902912621
0 0.48388 0.6770485436893204 0.06645999999999999 0.044883495145631065
0 0.19471 0.36655339805825243 0.08959 0.06170873786407767
0 0.22661 0.6711553398058252 0.06898 0.051029126213592235
0 0.55732 0.38602912621359226 0.08598 0.06044660194174757
0 0.70012 0.6562330097087378 0.06728 0.044252427184466016
0 0.67032 0.3356407766990291 0.08814 0.0625242718446602
0 0.78899 0.709378640776699 0.06924 0.04950485436893204
0 0.15098 0.6659611650485437 0.08059000000000001 0.055145631067961165
0 0.40041000000000004 0.03393203883495146 0.07413 0.053504854368932035
0 0.5927100000000001 0.684631067961165 0.06568 0.04474757281553399
2 0.49229 0.8381553398058252 0.15148 0.17068932038834952
0 0.5641499999999999 0.06772815533980583 0.07859999999999999 0.055145631067961165
2 0.67852 0.8112912621359223 0.13277 0.1746116504854369
2 0.15929 0.2045728155339806 0.16429 0.1816893203883495
2 0.27714 0.23093203883495148 0.14286000000000001 0.12066990291262136
2 0.41214 0.19556310679611652 0.13857 0.1775339805825243
2 0.55714 0.2191359223300971 0.12857 0.13314563106796115
2 0.71 0.19139805825242717 0.15143 0.14979611650485436
2 0.87571 0.20804854368932038 0.16 0.1386990291262136
2 0.7 0.5263495145631067 0.24286000000000002 0.17892233009708738
2 0.53143 0.5409126213592232 0.12 0.1386990291262136
2 0.38214 0.5367572815533981 0.17571 0.1553398058252427
2 0.19213999999999998 0.535368932038835 0.19 0.1664368932038835
2 0.12643000000000001 0.8446601941747572 0.12714 0.17475728155339806
2 0.23643 0.8384174757281554 0.11857 0.18446601941747573
2 0.7842899999999999 0.8585339805825243 0.11429 0.1386990291262136