2 0.48252 0.32316561844863734 0.0839 0.17897274633123691
0 0.48168 0.12352201257861635 0.0507 0.0629979035639413
0 0.66969 0.15821802935010482 0.04955 0.06486373165618449
0 0.21509 0.15945492662473795 0.04507 0.05926624737945493
0 0.8332999999999999 0.1290356394129979 0.04981 0.06224318658280923
0 0.39107 0.1288888888888889 0.05031 0.062075471698113206
0 0.57841 0.11534591194968555 0.04929 0.057547169811320756
0 0.9250900000000001 0.17997903563941298 0.04399 0.0559119496855346
0 0.28842 0.10846960167714885 0.04707 0.05752620545073375
0 0.74382 0.18415094339622642 0.045509999999999995 0.05966457023060797
1 0.12133 0.1670230607966457 0.03867 0.09922431865828092
2 0.122 0.3417190775681342 0.072 0.21662473794549267
2 0.20833000000000002 0.35918238993710694 0.07 0.2040461215932914
2 0.29367000000000004 0.3046750524109015 0.078 0.19846960167714886
2 0.37867 0.31725366876310274 0.08 0.18169811320754717
3 0.57467 0.319350104821803 0.08533 0.20266247379454927
2 0.6613300000000001 0.33542976939203356 0.061329999999999996 0.19008385744234801
3 0.74867 0.3780503144654088 0.07067 0.20545073375262055
2 0.8376699999999999 0.3312368972746331 0.074 0.20964360587002095
2 0.92267 0.3633752620545074 0.053329999999999995 0.1761006289308176