2 0.9080545454545454 0.7141689373297003 0.1374 0.24836512261580382
0 0.2948181818181818 0.393841961852861 0.12029090909090909 0.1262125340599455
2 0.14147272727272728 0.6399182561307902 0.09021818181818181 0.18773841961852863
0 0.04378181818181818 0.4779291553133515 0.04090909090909091 0.03427792915531335
0 0.8764727272727273 0.47152588555858316 0.056854545454545456 0.06673024523160763
0 0.5291818181818182 0.47572207084468665 0.059745454545454546 0.06059945504087193
0 0.7794363636363636 0.4885286103542234 0.038400000000000004 0.04722070844686648
0 0.37063636363636365 0.450708446866485 0.0392 0.051580381471389644
2 0.2842545454545455 0.782125340599455 0.21074545454545454 0.43032697547683924
1 0.16352727272727272 0.49247956403269755 0.05696363636363636 0.12051771117166211
2 0.05047272727272727 0.604441416893733 0.061218181818181824 0.14569482288828337
2 0.6959090909090909 0.6975476839237057 0.10818181818181818 0.2098092643051771
2 0.5277272727272727 0.6587193460490464 0.09909090909090909 0.21662125340599456
0 0.4618181818181818 0.5183923705722071 0.025454545454545455 0.031335149863760216
0 0.4040909090909091 0.5020435967302452 0.026363636363636363 0.03678474114441417
2 0.4577272727272727 0.5940054495912807 0.042727272727272725 0.08991825613079019
2 0.785 0.5980926430517711 0.06636363636363636 0.13896457765667575