0 0.4929 0.41631111111111113 0.02033333333333333 0.023466666666666667
2 0.5949833333333333 0.4461555555555556 0.027583333333333335 0.054177777777777776
2 0.4927666666666667 0.48006666666666664 0.032916666666666664 0.08742222222222223
0 0.5924333333333333 0.4056444444444444 0.017833333333333333 0.018777777777777775
1 0.16373333333333331 0.41864444444444443 0.02335 0.03244444444444444
1 0.19246666666666667 0.41744444444444445 0.022666666666666665 0.031244444444444446
3 0.79995 0.44720000000000004 0.03675 0.06526666666666667
2 0.5484833333333333 0.4557111111111111 0.029783333333333335 0.07066666666666667
2 0.8954666666666666 0.4452 0.024116666666666668 0.06297777777777777
0 0.6432333333333333 0.40068888888888887 0.015633333333333336 0.023622222222222225
0 0.7833333333333333 0.39028888888888885 0.016666666666666666 0.019444444444444445
0 0.8114666666666667 0.3986222222222222 0.014583333333333334 0.022222222222222223
0 0.8916666666666667 0.40068888888888887 0.01875 0.020844444444444447
1 0.8276 0.39584444444444444 0.015616666666666666 0.027777777777777776
1 0.7552166666666666 0.39028888888888885 0.01875 0.019444444444444445
1 0.3948 0.41735555555555554 0.01875 0.0236
2 0.5302166666666667 0.45764444444444446 0.01875 0.06251111111111111
1 0.55105 0.40555555555555556 0.016666666666666666 0.022222222222222223
1 0.5333333333333333 0.40973333333333334 0.0125 0.025
1 0.68125 0.40417777777777775 0.016666666666666666 0.022222222222222223
1 0.7140666666666666 0.40068888888888887 0.015633333333333336 0.023622222222222225
2 0.39375 0.46042222222222223 0.03125 0.054177777777777776
0 0.47708333333333336 0.5388888888888889 0.020833333333333332 0.030555555555555555