0 0.434 0.5813148788927336 0.08 0.1245674740484429
0 0.319 0.444636678200692 0.046 0.06228373702422145
0 0.209 0.4083044982698962 0.046 0.06920415224913495
0 0.083 0.4671280276816609 0.074 0.11418685121107267
2 0.402 0.5103806228373703 0.042 0.08304498269896193
0 0.631 0.629757785467128 0.072 0.10726643598615918
1 0.485 0.29411764705882354 0.028 0.05536332179930796
2 0.477 0.3754325259515571 0.052 0.10380622837370242
0 0.528 0.5709342560553633 0.068 0.10380622837370242
0 0.288 0.486159169550173 0.06 0.08996539792387544
0 0.359 0.5432525951557093 0.072 0.12110726643598616
3 0.276 0.5692041522491349 0.092 0.08650519031141868
3 0.615 0.7906574394463668 0.144 0.17301038062283736
3 0.426 0.726643598615917 0.146 0.14878892733564014
0 0.802 0.7439446366782007 0.114 0.17647058823529413
0 0.736 0.5951557093425606 0.054 0.08304498269896193
0 0.778 0.8858131487889274 0.176 0.22837370242214533
0 0.802 0.9429065743944637 0.256 0.11418685121107267
1 0.153 0.47231833910034604 0.07 0.10726643598615918
0 0.108 0.3892733564013841 0.048 0.0726643598615917
0 0.667 0.6418685121107266 0.05 0.10034602076124567
0 0.621 0.5674740484429066 0.046 0.0657439446366782
0 0.438 0.4982698961937716 0.036 0.0657439446366782
0 0.057 0.3806228373702422 0.052 0.05536332179930796