3 0.5763384615384616 0.40646575342465757 0.08363076923076923 0.20852054794520547
3 0.7087846153846153 0.4606849315068493 0.08893846153846154 0.2060821917808219
0 0.5821538461538461 0.21953424657534246 0.04613846153846154 0.046
0 0.33016923076923077 0.28843835616438357 0.03416923076923077 0.031753424657534245
3 0.8113692307692307 0.4663013698630137 0.10155384615384616 0.2637808219178082
1 0.8003692307692308 0.273972602739726 0.0512 0.10526027397260275
3 0.2976153846153846 0.3896986301369863 0.04173846153846154 0.11652054794520549
3 0.42641538461538464 0.42805479452054795 0.05355384615384616 0.14846575342465754
1 0.7173076923076923 0.3171232876712329 0.04230769230769231 0.09452054794520548
1 0.47923076923076924 0.2719178082191781 0.03538461538461538 0.08082191780821918
1 0.4176923076923077 0.31643835616438354 0.02923076923076923 0.07397260273972603
1 0.37653846153846154 0.2910958904109589 0.02846153846153846 0.06438356164383562
1 0.22423076923076923 0.28356164383561644 0.022307692307692306 0.049315068493150684
1 0.2630769230769231 0.2924657534246575 0.026153846153846153 0.05342465753424658
1 0.29653846153846153 0.3041095890410959 0.022307692307692306 0.043835616438356165
3 0.48846153846153845 0.4075342465753425 0.05846153846153846 0.17945205479452056
3 0.37576923076923074 0.3993150684931507 0.04692307692307692 0.13835616438356163
3 0.3373076923076923 0.3972602739726027 0.04230769230769231 0.13424657534246576
3 0.15346153846153845 0.37602739726027395 0.04230769230769231 0.1
3 0.2276923076923077 0.3636986301369863 0.033846153846153845 0.10821917808219178
1 0.14692307692307693 0.2979452054794521 0.021538461538461538 0.036986301369863014