0 0.6684782608695652 0.20535714285714285 0.15 0.175
0 0.23695652173913043 0.24464285714285713 0.06739130434782609 0.060714285714285714
0 0.30543478260869567 0.30714285714285716 0.030434782608695653 0.039285714285714285
0 0.11521739130434783 0.3410714285714286 0.0391304347826087 0.039285714285714285
2 0.6641304347826087 0.6339285714285714 0.18695652173913044 0.4392857142857143
2 0.36195652173913045 0.38571428571428573 0.06086956521739131 0.13214285714285715
0 0.8010869565217391 0.16785714285714284 0.0891304347826087 0.08928571428571429
2 0.7989130434782609 0.55 0.16521739130434782 0.42142857142857143
2 0.24565217391304348 0.5035714285714286 0.1391304347826087 0.29285714285714287
0 0.35543478260869565 0.28214285714285714 0.030434782608695653 0.04642857142857143
0 0.07391304347826087 0.35714285714285715 0.02391304347826087 0.02857142857142857
2 0.11630434782608695 0.44107142857142856 0.058695652173913045 0.11428571428571428
2 0.07282608695652174 0.4232142857142857 0.03695652173913044 0.07857142857142857
2 0.31630434782608696 0.3982142857142857 0.043478260869565216 0.10714285714285714