0 0.1990909090909091 0.49171270718232046 0.16 0.1685082872928177
0 0.1809090909090909 0.6933701657458563 0.20545454545454545 0.2430939226519337
0 0.46636363636363637 0.39226519337016574 0.11636363636363636 0.15469613259668508
0 0.36454545454545456 0.31077348066298344 0.07454545454545454 0.06353591160220995
0 0.5581818181818182 0.23342541436464087 0.07636363636363637 0.07734806629834254
0 0.26454545454545453 0.3743093922651934 0.10363636363636364 0.09668508287292818
0 0.14454545454545453 0.2983425414364641 0.08363636363636363 0.08287292817679558
3 0.5309090909090909 0.6850828729281768 0.17272727272727273 0.38950276243093923
3 0.23 0.9074585635359116 0.24909090909090909 0.1850828729281768
3 0.3790909090909091 0.47790055248618785 0.09090909090909091 0.16022099447513813
3 0.5863636363636363 0.3701657458563536 0.11272727272727273 0.11049723756906077
3 0.3290909090909091 0.574585635359116 0.08 0.18232044198895028