2 0.4725 0.4882882882882883 0.09 0.14414414414414414
3 0.165625 0.4882882882882883 0.13625 0.25765765765765763
3 0.750625 0.563963963963964 0.09125 0.1963963963963964
0 0.745 0.42342342342342343 0.0425 0.032432432432432434
0 0.5925 0.42792792792792794 0.04875 0.04684684684684685
0 0.69375 0.43423423423423424 0.03625 0.03063063063063063
0 0.30625 0.34774774774774775 0.055 0.05225225225225225
0 0.47375 0.35225225225225226 0.055 0.05045045045045045
0 0.385625 0.4018018018018018 0.05375 0.04864864864864865
3 0.294375 0.5009009009009009 0.0975 0.18198198198198198
0 0.51125 0.41081081081081083 0.03625 0.03783783783783784
0 0.6425 0.44594594594594594 0.0325 0.03423423423423423
3 0.595 0.5378378378378378 0.0725 0.13333333333333333
3 0.6525 0.5513513513513514 0.0525 0.13153153153153152
3 0.69625 0.5225225225225225 0.04625 0.08648648648648649
3 0.381875 0.5333333333333333 0.0775 0.15855855855855855
0 0.206875 0.3 0.07625 0.06846846846846846