0 0.1446018563751832 0.822066822066822 0.020029311187103077 0.02097902097902098
0 0.1436248168050806 0.9696969696969697 0.024425989252564728 0.02564102564102564
0 0.4658036150464094 0.44988344988344986 0.012212994626282364 0.018648018648018648
0 0.4711773326819736 0.5124320124320124 0.01172447484123107 0.019425019425019424
0 0.5483634587200782 0.4308469308469308 0.010258915486077186 0.023310023310023312
0 0.5574010747435271 0.49844599844599846 0.01172447484123107 0.019425019425019424
0 0.29531021006350755 0.2233877233877234 0.012212994626282364 0.018648018648018648
0 0.2762579384465071 0.2233877233877234 0.013190034196384953 0.020202020202020204
0 0.2938446507083537 0.25757575757575757 0.011235955056179775 0.016317016317016316
0 0.26941866145578897 0.263014763014763 0.012212994626282364 0.01554001554001554
0 0.5319980459208598 0.7668997668997669 0.01709819247679531 0.022533022533022532
0 0.5522716170004885 0.7435897435897436 0.014167073766487542 0.018648018648018648
0 0.5798729848558867 0.7478632478632479 0.012701514411333659 0.022533022533022532
0 0.5815828041035662 0.7156177156177156 0.013678553981436248 0.021756021756021756
0 0.6038104543234001 0.8515928515928516 0.012701514411333659 0.02097902097902098
0 0.10039081582804103 0.9055944055944056 0.016609672691744015 0.02641802641802642
0 0.08158280410356619 0.8566433566433567 0.016609672691744015 0.027972027972027972
0 0.10649731314118221 0.9448329448329449 0.015632633121641426 0.02641802641802642
0 0.714704445530044 0.27583527583527584 0.009770395701025891 0.017871017871017872
0 0.7254518808011724 0.31274281274281274 0.010258915486077186 0.014763014763014764
0 0.7288715192965315 0.3484848484848485 0.01172447484123107 0.019425019425019424
0 0.7442598925256473 0.3838383838383838 0.014655593551538837 0.021756021756021756
0 0.7503663898387885 0.4226884226884227 0.011235955056179775 0.017871017871017872
0 0.7650219833903273 0.4766899766899767 0.01172447484123107 0.024087024087024088
0 0.8346360527601367 0.29603729603729606 0.013190034196384953 0.018648018648018648
3 0.28334147532975085 0.43278943278943277 0.01709819247679531 0.03496503496503497
3 0.2659990229604299 0.3791763791763792 0.016609672691744015 0.02641802641802642
3 0.2542745481191988 0.43162393162393164 0.013190034196384953 0.030303030303030304
3 0.22325354176844162 0.44366744366744365 0.013190034196384953 0.030303030303030304
3 0.060576453346360526 0.4693084693084693 0.016609672691744015 0.039627039627039624
3 0.13190034196384953 0.6041181041181041 0.017586712261846604 0.029526029526029528
3 0.2916463116756229 0.3504273504273504 0.01612115290669272 0.029526029526029528
3 0.7484123106985833 0.3282828282828283 0.0180752320468979 0.024087024087024088
3 0.7857840742550073 0.49145299145299143 0.017586712261846604 0.029526029526029528
3 0.7616023448949683 0.3974358974358974 0.01709819247679531 0.023310023310023312