0 0.28532 0.27976047904191614 0.1994 0.1205688622754491
0 0.68528 0.27311377245508983 0.19872 0.10793413173652694
0 0.05084 0.26047904191616766 0.10172 0.08607784431137724
0 0.81868 0.1877245508982036 0.16988 0.12167664670658683
0 0.46192 0.23452095808383233 0.18856 0.10122754491017964
0 0.20668 0.17820359281437126 0.15428 0.08553892215568862
0 0.43332 0.12047904191616766 0.14284 0.07841317365269461
0 0.58 0.16610778443113772 0.16572 0.08413173652694611
0 0.67332 0.16895209580838325 0.08572 0.08413173652694611
0 0.91716 0.18248502994011978 0.09716 0.08269461077844312
0 0.95428 0.15898203592814372 0.09144 0.08697604790419163
0 0.25428 0.12476047904191617 0.13144 0.05844311377245509
0 0.72284 0.12332335329341317 0.12 0.047035928143712574
0 0.7371599999999999 0.04491017964071856 0.09523999999999999 0.05559880239520958
0 0.83904 0.08413173652694611 0.1162 0.07697604790419162
0 0.37807999999999997 0.05631736526946107 0.09716 0.047035928143712574
0 0.53808 0.052754491017964075 0.08952 0.04562874251497006
2 0.28572000000000003 0.5118263473053892 0.35428 0.1938922155688623
2 0.66284 0.5275149700598802 0.3276 0.2110179640718563