2 0.7086374999999999 0.5593045112781955 0.099375 0.18174812030075188
0 0.7314875000000001 0.436203007518797 0.041675000000000004 0.05849624060150376
0 0.0954875 0.37911654135338346 0.05934999999999999 0.05740601503759398
0 0.4194 0.3420676691729323 0.050475000000000006 0.05112781954887218
2 0.17018750000000002 0.44648496240601504 0.049325 0.07793233082706767
0 0.6812375 0.40248120300751883 0.050625 0.06719924812030076
0 0.6177875 0.4041353383458647 0.0548125 0.06507518796992481
0 0.41731250000000003 0.46703007518796996 0.0865375 0.10988721804511278
0 0.29760000000000003 0.40847744360902255 0.0548125 0.053496240601503764
0 0.168275 0.3961842105263158 0.051925 0.04338345864661654
0 0.4826875 0.383890977443609 0.046150000000000004 0.05639097744360902
2 0.6024 0.5595676691729323 0.09135 0.19953007518796995
2 0.289425 0.5284774436090225 0.06922500000000001 0.1431390977443609
2 0.4360625 0.666578947368421 0.11442500000000001 0.25159774436090226
2 0.162025 0.6448872180451127 0.10865 0.22266917293233082
2 0.08125 0.594266917293233 0.0759625 0.22556390977443608