0 0.8001272727272727 0.467292817679558 0.15398181818181816 0.1556353591160221
0 0.8252545454545455 0.6670994475138122 0.1970909090909091 0.22751381215469613
0 0.5300545454545454 0.39 0.11118181818181817 0.14582872928176796
0 0.6286727272727273 0.29964088397790056 0.07221818181818182 0.057458563535911604
0 0.4328181818181818 0.2388950276243094 0.07447272727272727 0.07024861878453038
0 0.7308 0.3553867403314917 0.1012909090909091 0.08892265193370165
0 0.8476909090909092 0.27052486187845304 0.08029090909090908 0.07649171270718233
3 0.47545454545454546 0.6871546961325967 0.16 0.3770718232044199
3 0.7831818181818182 0.9019337016574586 0.24272727272727274 0.19613259668508287
3 0.6195454545454545 0.468232044198895 0.08636363636363636 0.15469613259668508
3 0.4090909090909091 0.3777624309392265 0.10909090909090909 0.10082872928176796
3 0.6731818181818182 0.5607734806629834 0.07363636363636364 0.17679558011049723