0 0.694 0.37535410764872523 0.23 0.28328611898017
1 0.048 0.19688385269121814 0.044 0.11614730878186968
0 0.97 0.5169971671388102 0.06 0.08781869688385269
3 0.634 0.7620396600566572 0.324 0.47592067988668557
1 0.265 0.28895184135977336 0.174 0.26628895184135976
1 0.382 0.3626062322946176 0.098 0.15864022662889518
1 0.489 0.3923512747875354 0.08 0.12464589235127478
2 0.261 0.6968838526912181 0.288 0.5354107648725213
3 0.905 0.7280453257790368 0.096 0.28895184135977336
1 0.151 0.2535410764872521 0.08 0.1529745042492918
1 0.092 0.28328611898017 0.072 0.09915014164305949