2 0.4711111111111111 0.5916666666666667 0.11333333333333333 0.27
0 0.9133333333333333 0.12666666666666668 0.17333333333333334 0.13333333333333333
0 0.6411111111111111 0.335 0.057777777777777775 0.04666666666666667
0 0.6577777777777778 0.45666666666666667 0.08444444444444445 0.11666666666666667
0 0.35777777777777775 0.3283333333333333 0.042222222222222223 0.03
2 0.36777777777777776 0.5333333333333333 0.07333333333333333 0.19666666666666666
2 0.6688888888888889 0.745 0.13333333333333333 0.31666666666666665
2 0.5844444444444444 0.6266666666666667 0.13111111111111112 0.23
0 0.5966666666666667 0.4083333333333333 0.07777777777777778 0.09333333333333334
0 0.5244444444444445 0.415 0.04888888888888889 0.06333333333333334
0 0.5477777777777778 0.37833333333333335 0.042222222222222223 0.05
0 0.4677777777777778 0.36833333333333335 0.06666666666666667 0.08666666666666667
0 0.38 0.37666666666666665 0.04888888888888889 0.06666666666666667
0 0.2588888888888889 0.35833333333333334 0.04666666666666667 0.056666666666666664
0 0.6611111111111111 0.38166666666666665 0.04888888888888889 0.043333333333333335