0 0.21025 0.19884236453201973 0.025472222222222222 0.02933497536945813
0 0.6107777777777778 0.10172413793103448 0.029569444444444443 0.03903940886699507
0 0.04794444444444445 0.9844581280788177 0.020749999999999998 0.028990147783251232
1 0.5395555555555556 0.8014778325123152 0.022527777777777775 0.026600985221674877
0 0.7731527777777777 0.7142857142857143 0.02315277777777778 0.04652709359605912
0 0.7565555555555556 0.8039162561576354 0.022375 0.042413793103448276
0 0.6848055555555556 0.3982019704433497 0.022375 0.03832512315270936
0 0.2492222222222222 0.22236453201970444 0.015430555555555555 0.020517241379310346
0 0.23533333333333334 0.6568226600985222 0.03240277777777777 0.054729064039408866
0 0.47376388888888893 0.2196305418719212 0.013888888888888888 0.020517241379310346
2 0.26311111111111113 0.26820197044334976 0.03086111111111111 0.06019704433497537
2 0.18325 0.24561576354679804 0.03163888888888889 0.06704433497536945
2 0.25848611111111114 0.7108620689655173 0.05709722222222222 0.09990147783251233
3 0.7241527777777778 0.7402955665024631 0.0625 0.0820935960591133