2 0.16171428571428573 0.3841489361702128 0.052199999999999996 0.11257446808510638
2 0.06685714285714285 0.5736170212765958 0.08894285714285714 0.14297872340425533
2 0.4113428571428571 0.7270212765957447 0.08168571428571429 0.18008510638297873
3 0.09504285714285715 0.23908510638297872 0.05665714285714285 0.14627659574468085
0 0.12905714285714287 0.08823404255319149 0.04457142857142857 0.04717021276595745
0 0.4083 0.5901489361702128 0.0458 0.04757446808510638
1 0.6124142857142857 0.1185531914893617 0.03142857142857143 0.03306382978723404
2 0.6901142857142857 0.16823404255319147 0.0449 0.08253191489361703
3 0.5312428571428571 0.19329787234042553 0.05134285714285714 0.10208510638297871
2 0.6316714285714286 0.17974468085106385 0.03414285714285714 0.05087234042553192
3 0.6738142857142857 0.2347446808510638 0.05618571428571428 0.07802127659574469
1 0.19 0.161 0.027614285714285713 0.05248936170212766
1 0.18714285714285714 0.2312127659574468 0.029528571428571432 0.04538297872340425
1 0.20667142857142856 0.2517659574468085 0.03047142857142857 0.05248936170212766
1 0.06428571428571428 0.4695106382978723 0.037142857142857144 0.062404255319148935
1 0.20904285714285717 0.5418510638297872 0.04095714285714286 0.07942553191489361
1 0.18095714285714287 0.3127659574468085 0.02857142857142857 0.05531914893617021
2 0.20095714285714283 0.6510638297872341 0.06475714285714286 0.14185106382978724
3 0.12857142857142856 0.18723404255319148 0.04761428571428571 0.10212765957446808
0 0.16475714285714285 0.12270212765957447 0.036185714285714286 0.03829787234042553
0 0.08904285714285715 0.13191489361702127 0.035242857142857145 0.04538297872340425
2 0.15904285714285715 0.28297872340425534 0.024757142857142856 0.08085106382978724