1 0.9599833333333333 0.42008888888888885 0.0446 0.050444444444444445
3 0.42621666666666663 0.5818888888888889 0.12076666666666666 0.26884444444444444
3 0.76805 0.5332444444444444 0.0865 0.19395555555555555
0 0.3544333333333333 0.40828888888888887 0.049833333333333334 0.04862222222222222
1 0.5649 0.4058888888888889 0.05071666666666667 0.061622222222222224
1 0.6389333333333334 0.4129777777777778 0.04713333333333333 0.06644444444444444
0 0.7523833333333333 0.36546666666666666 0.07003333333333334 0.06188888888888889
1 0.9286500000000001 0.3993111111111111 0.03855 0.05695555555555555
1 0.43593333333333334 0.3882 0.05938333333333334 0.07362222222222223
0 0.48593333333333333 0.40486666666666665 0.05313333333333333 0.05973333333333333
1 0.5218833333333334 0.4132 0.03125 0.06528888888888888
1 0.6724 0.40973333333333334 0.028133333333333333 0.05277777777777778
1 0.027083333333333334 0.45486666666666664 0.05416666666666667 0.10693333333333332
2 0.04375 0.6875111111111111 0.0875 0.35555555555555557
2 0.57865 0.5236222222222222 0.059366666666666665 0.1638888888888889
2 0.65625 0.5430666666666667 0.07291666666666667 0.18055555555555555