3 0.81524 0.31365269461077844 0.08218 0.20209580838323354
3 0.66108 0.282874251497006 0.06928 0.1521556886227545
0 0.33422 0.16134730538922157 0.02942 0.03721556886227545
0 0.43466000000000005 0.16482035928143712 0.03128 0.03982035928143713
0 0.8017000000000001 0.15727544910179642 0.04772 0.053293413173652694
3 0.47206 0.35317365269461076 0.14744 0.32736526946107786
0 0.36986 0.1540419161676647 0.027399999999999997 0.02916167664670659
0 0.12976 0.13718562874251497 0.037380000000000004 0.043772455089820354
0 0.06962 0.1618862275449102 0.02146 0.023023952095808386
0 0.47806 0.06835329341317364 0.07690000000000001 0.07946107784431138
2 0.22690000000000002 0.2338323353293413 0.03896 0.08290419161676647
0 0.8981 0.11547904191616766 0.04572 0.059880239520958084
0 0.6557200000000001 0.16467065868263472 0.031420000000000003 0.047035928143712574
0 0.28714 0.17107784431137724 0.0238 0.02565868263473054
0 0.09096 0.16538922155688623 0.02 0.03706586826347306
0 0.22096000000000002 0.16895209580838325 0.01714 0.029940119760479042
3 0.3462 0.25805389221556885 0.04858 0.11691616766467065
3 0.28714 0.23311377245508982 0.03714 0.08413173652694611
2 0.12428 0.25020958083832334 0.05428 0.11832335329341319
3 0.06476000000000001 0.2202694610778443 0.02096 0.052754491017964075
3 0.18666 0.2131437125748503 0.02096 0.06416167664670659
3 0.90524 0.25305389221556884 0.06572 0.16395209580838324