0 0.3 0.3951841359773371 0.238 0.3002832861189802
1 0.936 0.1529745042492918 0.05 0.11898016997167139
0 0.031 0.5637393767705382 0.062 0.0906515580736544
3 0.381 0.7648725212464589 0.342 0.4702549575070821
1 0.724 0.26628895184135976 0.182 0.2747875354107649
1 0.611 0.35127478753541075 0.102 0.1643059490084986
1 0.505 0.3909348441926346 0.084 0.13031161473087818
2 0.749 0.6728045325779037 0.308 0.5495750708215298
3 0.107 0.7677053824362606 0.108 0.29178470254957506
1 0.836 0.21954674220963172 0.086 0.1558073654390935
1 0.897 0.24362606232294617 0.076 0.1048158640226629