0 0.442 0.5986159169550173 0.072 0.10726643598615918
0 0.316 0.49480968858131485 0.042 0.05190311418685121
0 0.204 0.48788927335640137 0.04 0.058823529411764705
0 0.085 0.5813148788927336 0.066 0.09688581314878893
2 0.405 0.5380622837370242 0.036 0.0726643598615917
0 0.642 0.5934256055363322 0.064 0.09342560553633218
1 0.466 0.30103806228373703 0.024 0.05190311418685121
2 0.466 0.38408304498269896 0.044 0.09342560553633218
0 0.534 0.5622837370242214 0.062 0.08996539792387544
0 0.289 0.5432525951557093 0.054 0.07612456747404844
0 0.365 0.5813148788927336 0.064 0.10726643598615918
3 0.285 0.6280276816608996 0.09 0.0657439446366782
3 0.64 0.7560553633217993 0.134 0.1384083044982699
3 0.448 0.7439446366782007 0.138 0.11418685121107267
0 0.82 0.6591695501730104 0.102 0.1522491349480969
0 0.742 0.5294117647058824 0.048 0.0726643598615917
0 0.81 0.8096885813148789 0.162 0.1972318339100346
0 0.845 0.9152249134948097 0.242 0.1695501730103806
1 0.154 0.5674740484429066 0.062 0.08996539792387544
0 0.103 0.49653979238754326 0.042 0.06228373702422145
0 0.678 0.5934256055363322 0.042 0.09342560553633218
0 0.626 0.5346020761245674 0.042 0.05536332179930796
0 0.439 0.5155709342560554 0.032 0.058823529411764705
0 0.051 0.5017301038062284 0.048 0.04498269896193772