0 0.6832173913043478 0.23142857142857143 0.14154347826086958 0.1545357142857143
0 0.2511521739130435 0.2077142857142857 0.06523913043478262 0.05246428571428571
0 0.31669565217391304 0.27982142857142855 0.028217391304347826 0.03432142857142857
0 0.12515217391304348 0.28585714285714287 0.03721739130434783 0.03564285714285714
2 0.6558695652173913 0.65675 0.1645 0.41785714285714287
2 0.36828260869565216 0.36657142857142855 0.05415217391304348 0.12414285714285714
0 0.818 0.21185714285714285 0.08632608695652175 0.07696428571428572
2 0.7955652173913043 0.5927142857142857 0.1446521739130435 0.4024642857142857
2 0.2462391304347826 0.46703571428571433 0.12458695652173914 0.2774642857142857
0 0.3674782608695652 0.2630357142857143 0.02758695652173913 0.04257142857142857
0 0.08360869565217391 0.296 0.021739130434782608 0.026107142857142857
2 0.12082608695652174 0.3866785714285714 0.05267391304347826 0.1085
2 0.07902173913043478 0.36264285714285716 0.03260869565217391 0.07417857142857143
2 0.32232608695652176 0.37225 0.03763043478260869 0.10164285714285715