2 0.59 0.4820261437908497 0.1 0.21241830065359477
3 0.6863636363636364 0.44281045751633985 0.11818181818181818 0.26143790849673204
0 0.33 0.49019607843137253 0.03636363636363636 0.049019607843137254
3 0.5027272727272727 0.5408496732026143 0.0890909090909091 0.19607843137254902
0 0.37272727272727274 0.45098039215686275 0.045454545454545456 0.06535947712418301
0 0.56 0.30392156862745096 0.05818181818181818 0.08169934640522876
0 0.639090909090909 0.24019607843137256 0.06727272727272728 0.0915032679738562
0 0.47545454545454546 0.3758169934640523 0.05272727272727273 0.06862745098039216
3 0.44 0.5702614379084967 0.07272727272727272 0.17320261437908496
3 0.3481818181818182 0.6209150326797386 0.06909090909090909 0.16993464052287582
2 0.39181818181818184 0.5915032679738562 0.06545454545454546 0.16339869281045752
0 0.4218181818181818 0.43300653594771243 0.05090909090909091 0.07516339869281045