0 0.18125 0.312807881773399 0.027777777777777776 0.03694581280788178
0 0.5618055555555556 0.07019704433497537 0.03333333333333333 0.04926108374384237
1 0.5743055555555555 0.7807881773399015 0.025 0.034482758620689655
0 0.7923611111111111 0.6083743842364532 0.027777777777777776 0.054187192118226604
0 0.7868055555555555 0.7032019704433498 0.02638888888888889 0.04926108374384237
0 0.66875 0.33251231527093594 0.02638888888888889 0.046798029556650245
0 0.2222222222222222 0.32142857142857145 0.018055555555555554 0.024630541871921183
0 0.25972222222222224 0.7512315270935961 0.0375 0.0665024630541872
0 0.44166666666666665 0.23522167487684728 0.016666666666666666 0.024630541871921183
2 0.24097222222222223 0.3608374384236453 0.0375 0.07142857142857142
2 0.16041666666666668 0.3682266009852217 0.03888888888888889 0.07635467980295567
2 0.2881944444444444 0.7955665024630542 0.06805555555555555 0.11822660098522167
3 0.7472222222222222 0.6527093596059114 0.07083333333333333 0.10344827586206896