2 0.6795399999999999 0.7370338983050848 0.1288 0.27864406779661016
2 0.46264 0.6755932203389831 0.10968000000000001 0.2343502824858757
2 0.56486 0.685225988700565 0.11668 0.2663276836158192
2 0.8955599999999999 0.7743785310734463 0.13512000000000002 0.3171186440677966
0 0.793 0.5451977401129944 0.05278 0.04929378531073446
0 0.9244600000000001 0.543728813559322 0.06112 0.057203389830508475
0 0.48128 0.499774011299435 0.0576 0.060480225988700564
0 0.7291 0.49612994350282486 0.038880000000000005 0.03677966101694915
0 0.565 0.5056497175141242 0.062 0.062146892655367235
0 0.6695 0.5225988700564972 0.071 0.07627118644067797
0 0.737 0.5402542372881356 0.052 0.052259887005649715
1 0.869 0.5536723163841808 0.066 0.09322033898305085
1 0.0545 0.5360169491525424 0.073 0.1115819209039548