0 0.28695652173913044 0.3 0.15869565217391304 0.2
0 0.7065217391304348 0.12857142857142856 0.06956521739130435 0.075
0 0.6510869565217391 0.22142857142857142 0.03260869565217391 0.04285714285714286
0 0.8391304347826087 0.1625 0.041304347826086954 0.04642857142857143
2 0.3673913043478261 0.7071428571428572 0.21304347826086956 0.4642857142857143
2 0.6119565217391304 0.325 0.06956521739130435 0.1392857142857143
0 0.15217391304347827 0.3267857142857143 0.09347826086956522 0.10357142857142858
2 0.22282608695652173 0.6910714285714286 0.1934782608695652 0.44285714285714284
2 0.7445652173913043 0.38035714285714284 0.1565217391304348 0.3142857142857143
0 0.6 0.22321428571428573 0.03260869565217391 0.05
0 0.8815217391304347 0.15892857142857142 0.02391304347826087 0.03214285714285714
2 0.8565217391304348 0.25892857142857145 0.06521739130434782 0.125
2 0.8945652173913043 0.22142857142857142 0.041304347826086954 0.08214285714285714
2 0.657608695652174 0.3142857142857143 0.05 0.11071428571428571