3 0.4307692307692308 0.3904109589041096 0.09692307692307692 0.22465753424657534
3 0.2953846153846154 0.41506849315068495 0.10307692307692308 0.22465753424657534
0 0.4376923076923077 0.20410958904109588 0.04923076923076923 0.0547945205479452
0 0.683076923076923 0.3273972602739726 0.03538461538461538 0.038356164383561646
3 0.1930769230769231 0.39863013698630134 0.11846153846153847 0.28493150684931506
1 0.21769230769230768 0.21095890410958903 0.05846153846153846 0.11506849315068493
3 0.7084615384615385 0.43424657534246575 0.04923076923076923 0.12602739726027398
3 0.5776923076923077 0.4452054794520548 0.06307692307692307 0.1589041095890411
1 0.2969230769230769 0.27123287671232876 0.047692307692307694 0.10410958904109589
1 0.5361538461538462 0.27808219178082194 0.04 0.08767123287671233
1 0.5946153846153847 0.3356164383561644 0.033846153846153845 0.07945205479452055
1 0.6369230769230769 0.31917808219178084 0.03230769230769231 0.07123287671232877
1 0.7884615384615384 0.3452054794520548 0.026153846153846153 0.0547945205479452
1 0.7492307692307693 0.3452054794520548 0.02923076923076923 0.057534246575342465
1 0.7153846153846154 0.3493150684931507 0.024615384615384615 0.049315068493150684
3 0.5176923076923077 0.410958904109589 0.07076923076923076 0.1917808219178082
3 0.63 0.4273972602739726 0.055384615384615386 0.14794520547945206
3 0.6684615384615384 0.4328767123287671 0.05076923076923077 0.14246575342465753
3 0.8523076923076923 0.4520547945205479 0.04923076923076923 0.1095890410958904
3 0.7792307692307693 0.4232876712328767 0.04153846153846154 0.11506849315068493
1 0.8646153846153846 0.3767123287671233 0.024615384615384615 0.0410958904109589