2 0.17 0.3404255319148936 0.05857142857142857 0.11914893617021277
2 0.06428571428571428 0.5170212765957447 0.09714285714285714 0.15319148936170213
2 0.3985714285714286 0.7148936170212766 0.09142857142857143 0.18936170212765957
3 0.11214285714285714 0.18723404255319148 0.06571428571428571 0.15319148936170213
0 0.15428571428571428 0.04148936170212766 0.047142857142857146 0.05319148936170213
0 0.4035714285714286 0.5776595744680851 0.04857142857142857 0.05319148936170213
1 0.6342857142857142 0.1351063829787234 0.032857142857142856 0.036170212765957444
2 0.7085714285714285 0.1946808510638298 0.05 0.08723404255319149
3 0.5492857142857143 0.19893617021276597 0.05714285714285714 0.10851063829787234
2 0.65 0.19787234042553192 0.037142857142857144 0.05531914893617021
3 0.6885714285714286 0.25851063829787235 0.06 0.0851063829787234
1 0.21071428571428572 0.12234042553191489 0.03 0.05531914893617021
1 0.2042857142857143 0.19148936170212766 0.03142857142857143 0.04893617021276596
1 0.22214285714285714 0.2148936170212766 0.032857142857142856 0.05531914893617021
1 0.06785714285714285 0.4127659574468085 0.04 0.06595744680851064
1 0.20785714285714285 0.5042553191489362 0.045714285714285714 0.0851063829787234
1 0.19285714285714287 0.2723404255319149 0.03142857142857143 0.059574468085106386
2 0.19357142857142856 0.6117021276595744 0.07285714285714286 0.14893617021276595
3 0.14857142857142858 0.14042553191489363 0.05285714285714286 0.10851063829787234
0 0.18785714285714286 0.08085106382978724 0.03857142857142857 0.0425531914893617
0 0.11214285714285714 0.0797872340425532 0.037142857142857144 0.04893617021276596
2 0.17285714285714285 0.2393617021276596 0.03 0.08297872340425531