2 0.1190909090909091 0.8065395095367848 0.1618181818181818 0.2779291553133515
0 0.6918181818181818 0.3474114441416894 0.13272727272727272 0.15258855585831063
2 0.8690909090909091 0.5544959128065395 0.10909090909090909 0.20708446866485014
0 0.9481818181818182 0.37057220708446864 0.04363636363636364 0.043596730245231606
0 0.12545454545454546 0.5599455040871935 0.06363636363636363 0.07901907356948229
0 0.4690909090909091 0.4822888283378747 0.06545454545454546 0.07356948228882834
0 0.22272727272727272 0.5544959128065395 0.04363636363636364 0.05449591280653951
0 0.6227272727272727 0.4209809264305177 0.04363636363636364 0.05994550408719346
2 0.7427272727272727 0.7275204359673024 0.25272727272727274 0.47411444141689374
1 0.8318181818181818 0.4141689373297003 0.06909090909090909 0.1335149863760218
2 0.9545454545454546 0.49727520435967304 0.07636363636363637 0.15803814713896458
2 0.32727272727272727 0.7411444141689373 0.1290909090909091 0.23160762942779292
2 0.4890909090909091 0.6634877384196185 0.12 0.23705722070844687
0 0.54 0.5095367847411444 0.02909090909090909 0.03814713896457766
0 0.5945454545454546 0.47956403269754766 0.02909090909090909 0.043596730245231606
2 0.5518181818181818 0.5831062670299727 0.05090909090909091 0.09809264305177112
2 0.2290909090909091 0.6634877384196185 0.08 0.15258855585831063