0 0.5557799999999999 0.6021107266435985 0.07054 0.10148788927335639
0 0.68396 0.5054325259515571 0.04094 0.04885813148788927
0 0.79628 0.5059515570934257 0.03964 0.056782006920415226
0 0.91288 0.6058823529411764 0.06462000000000001 0.09429065743944637
2 0.59464 0.5429411764705883 0.0355 0.07107266435986159
0 0.35662 0.5847058823529412 0.062479999999999994 0.08889273356401385
1 0.5376000000000001 0.30311418685121105 0.0224 0.04982698961937716
2 0.5364 0.3854671280276817 0.0424 0.08996539792387544
0 0.4644 0.5598615916955018 0.06 0.08719723183391004
0 0.71 0.5557093425605536 0.052 0.07335640138408304
0 0.6332000000000001 0.5896193771626298 0.0616 0.10242214532871972
3 0.712 0.641522491349481 0.088 0.05951557093425605
3 0.3548 0.7467128027681661 0.132 0.1314878892733564
3 0.5472 0.7474048442906575 0.136 0.10519031141868512
0 0.1768 0.639446366782007 0.0992 0.1467128027681661
0 0.2576 0.514878892733564 0.0464 0.06920415224913495
0 0.1844 0.7910034602076125 0.1576 0.18685121107266436
0 0.1468 0.9083044982698962 0.2392 0.18339100346020762
1 0.844 0.5874740484429066 0.0608 0.08719723183391004
0 0.8967999999999999 0.5203460207612457 0.0416 0.06089965397923876
0 0.32039999999999996 0.5833910034602076 0.040799999999999996 0.08996539792387544
0 0.37360000000000004 0.5266435986159169 0.04 0.05397923875432526
0 0.5608 0.5190311418685121 0.0304 0.05813148788927336
0 0.9484600000000001 0.5283737024221453 0.04784 0.0415916955017301