2 0.528125 0.4936936936936937 0.10125 0.15855855855855855
3 0.833125 0.5468468468468468 0.1575 0.27927927927927926
3 0.245625 0.5198198198198198 0.1075 0.21081081081081082
0 0.263125 0.3810810810810811 0.045 0.03963963963963964
0 0.414375 0.4117117117117117 0.05125 0.05405405405405406
0 0.313125 0.4009009009009009 0.03875 0.03783783783783784
0 0.705 0.38288288288288286 0.05875 0.06126126126126126
0 0.53875 0.35765765765765767 0.05875 0.05945945945945946
0 0.621875 0.42252252252252254 0.0575 0.05765765765765766
3 0.70375 0.5369369369369369 0.1125 0.1981981981981982
0 0.49625 0.4099099099099099 0.04 0.043243243243243246
0 0.363125 0.4207207207207207 0.035 0.03963963963963964
3 0.4025 0.5207207207207207 0.0825 0.14414414414414414
3 0.344375 0.5234234234234234 0.06375 0.14054054054054055
3 0.303125 0.4882882882882883 0.0525 0.0936936936936937
3 0.614375 0.5540540540540541 0.09 0.17117117117117117
0 0.808125 0.35315315315315315 0.0825 0.08108108108108109