3 0.165 0.4251497005988024 0.11 0.2245508982035928
3 0.31 0.34281437125748504 0.09 0.17065868263473055
0 0.611 0.11377245508982035 0.034 0.04491017964071856
0 0.513 0.15119760479041916 0.036 0.04790419161676647
0 0.155 0.2679640718562874 0.054 0.0688622754491018
3 0.505 0.3473053892215569 0.192 0.36826347305389223
0 0.575 0.11976047904191617 0.032 0.038922155688622756
0 0.805 0.023952095808383235 0.042 0.04790419161676647
0 0.869 0.025449101796407185 0.024 0.029940119760479042
0 0.457 0.0718562874251497 0.086 0.10479041916167664
2 0.726 0.14820359281437126 0.05 0.09281437125748503
0 0.054 0.25898203592814373 0.054 0.0748502994011976
0 0.298 0.22604790419161677 0.038 0.05688622754491018
0 0.658 0.10778443113772455 0.028 0.03293413173652695
0 0.848 0.03592814371257485 0.026 0.041916167664670656
0 0.722 0.08383233532934131 0.022 0.03592814371257485
3 0.614 0.2125748502994012 0.064 0.1317365269461078
3 0.667 0.16766467065868262 0.048 0.09580838323353294
2 0.829 0.13023952095808383 0.07 0.1347305389221557
3 0.882 0.08083832335329341 0.028 0.059880239520958084
3 0.762 0.11526946107784432 0.03 0.0688622754491018
3 0.068 0.39520958083832336 0.088 0.18263473053892215