0 0.242 0.3068862275449102 0.224 0.1437125748502994
0 0.636 0.25449101796407186 0.22 0.12874251497005987
0 0.032 0.3143712574850299 0.064 0.09580838323353294
0 0.75 0.15419161676646706 0.192 0.1407185628742515
0 0.406 0.24251497005988024 0.208 0.12275449101796407
0 0.144 0.21706586826347304 0.172 0.10179640718562874
0 0.354 0.13323353293413173 0.156 0.09281437125748503
0 0.51 0.1601796407185629 0.18 0.10179640718562874
0 0.602 0.15269461077844312 0.104 0.09281437125748503
0 0.846 0.1377245508982036 0.112 0.09281437125748503
0 0.878 0.1092814371257485 0.108 0.09580838323353294
0 0.178 0.15868263473053892 0.144 0.0718562874251497
0 0.642 0.10179640718562874 0.128 0.059880239520958084
0 0.64 0.02694610778443114 0.104 0.05389221556886228
0 0.748 0.04940119760479042 0.132 0.08982035928143713
0 0.286 0.07634730538922156 0.104 0.05688622754491018
0 0.444 0.05389221556886228 0.096 0.05688622754491018
2 0.29 0.5374251497005988 0.392 0.23353293413173654
2 0.666 0.5074850299401198 0.368 0.24550898203592814