0 0.8774284318514899 0.7506124068358705 0.018847191557068006 0.017455378885546397
0 0.8897696533692855 0.8969673355818606 0.02312861170318746 0.02130471886896467
0 0.5300549052571825 0.44375422467042575 0.011178642679162683 0.016299687897453313
0 0.5295881969253273 0.50672604862549 0.01024802067612222 0.01777986135528033
0 0.44667899883464823 0.4407938777547715 0.008383982009371902 0.022224826694100457
0 0.44295371616181733 0.509690840506483 0.010248020676122332 0.01777986135528033
0 0.6818972034289176 0.1859462350188607 0.011178642679162683 0.016299687897453268
0 0.7009931197855971 0.18224357889162357 0.012109264682202924 0.01777986135528033
0 0.6860891944336036 0.21928347506001133 0.01024802067612222 0.014815069474287311
0 0.7107744321298644 0.2200257842715943 0.011178642679162683 0.013334896016460292
0 0.488598908881508 0.7712014862852852 0.01583734201570356 0.01926003481310735
0 0.46670833185503785 0.7519414514721777 0.01304268134591289 0.016299687897453313
0 0.4396923471601717 0.7615692463960619 0.011178642679162572 0.020744653236273263
0 0.43550035615548566 0.7297166247780772 0.012109264682202813 0.01926003481310735
0 0.4238577998051379 0.8689907237393271 0.011178642679162572 0.019260034813107528
0 0.9278273423704944 0.8252833795627091 0.014903925351993596 0.023705000151927655
0 0.9427312677224879 0.7726816597431121 0.014903925351993596 0.02518961857509339
0 0.9245659733688487 0.86528806761209 0.013973303348953133 0.023705000151927655
0 0.2696847546347973 0.31929519518346333 0.008383982009371902 0.016299687897453223
0 0.2617674809572804 0.357819709775017 0.009314604012412254 0.013334896016460292
0 0.2613007726254254 0.39412174169716063 0.010248020676122332 0.01777986135528033
0 0.24872479961136748 0.43190394707713137 0.013042681345912919 0.01926003481310735
0 0.2454634306097218 0.47190863512651227 0.010248020676122276 0.016299687897453313
0 0.2352182045942693 0.5282085661080074 0.010248020676122276 0.022224826694100457
0 0.1523090065035902 0.3622646751138371 0.012109264682202869 0.016299687897453223
3 0.7098438101268241 0.3911569498161676 0.014903925351993596 0.032594930829567687
3 0.722886491472737 0.33485257386933365 0.014903925351993596 0.023705000151927565
3 0.7387210388277708 0.3844895018079375 0.011178642679162683 0.028149965490747605
3 0.770395722859178 0.39041464060458475 0.011178642679162683 0.028149965490747646
3 0.9338833720419307 0.3844895018079375 0.013973303348953133 0.03703989616838781
3 0.8733314593095769 0.5319156672005834 0.01583734201570356 0.026669792032920584
3 0.6954037984460157 0.3111475737174061 0.013973303348953133 0.026669792032920497
3 0.24034081760199552 0.3778220537997074 0.01676796401874386 0.02074465323627335
3 0.21565557990573475 0.5467307366748707 0.01583734201570356 0.026669792032920584
3 0.23242354392447864 0.44894149922082877 0.015837342015703616 0.020744653236273263