3 0.722 0.6977124183006536 0.096 0.19281045751633988
3 0.192 0.5 0.118 0.21895424836601307
3 0.814 0.7483660130718954 0.1 0.19934640522875818
3 0.387 0.5473856209150327 0.126 0.23202614379084968
0 0.42 0.39869281045751637 0.048 0.06209150326797386
0 0.22 0.35130718954248363 0.052 0.06535947712418301
0 0.302 0.3741830065359477 0.046 0.058823529411764705
0 0.831 0.6045751633986928 0.046 0.05555555555555555
3 0.474 0.5964052287581699 0.112 0.21241830065359477
0 0.739 0.5490196078431373 0.044 0.05228758169934641
0 0.507 0.4493464052287582 0.046 0.06535947712418301
0 0.674 0.5130718954248366 0.048 0.06209150326797386
3 0.284 0.5261437908496732 0.1 0.20261437908496732
0 0.596 0.5 0.04 0.049019607843137254
3 0.651 0.6633986928104575 0.11 0.20915032679738563
3 0.572 0.6503267973856209 0.11 0.20261437908496732