2 0.41 0.5245098039215687 0.07818181818181819 0.18627450980392157
3 0.3118181818181818 0.5326797385620915 0.09272727272727273 0.23202614379084968
0 0.6627272727272727 0.41013071895424835 0.03272727272727273 0.03594771241830065
3 0.5027272727272727 0.5408496732026143 0.07090909090909091 0.17320261437908496
0 0.6163636363636363 0.3937908496732026 0.04 0.049019607843137254
0 0.41454545454545455 0.3382352941176471 0.05090909090909091 0.06535947712418301
0 0.3281818181818182 0.3137254901960784 0.06181818181818182 0.06862745098039216
0 0.5063636363636363 0.369281045751634 0.04727272727272727 0.05228758169934641
3 0.5681818181818182 0.5408496732026143 0.05454545454545454 0.1568627450980392
3 0.6645454545454546 0.545751633986928 0.05272727272727273 0.15359477124183007
2 0.6172727272727273 0.5375816993464052 0.04727272727272727 0.1503267973856209
0 0.5663636363636364 0.39869281045751637 0.045454545454545456 0.058823529411764705