3 0.738 0.6372549019607843 0.082 0.17647058823529413
3 0.195 0.5784313725490197 0.104 0.19934640522875818
3 0.834 0.6650326797385621 0.084 0.1830065359477124
3 0.393 0.5751633986928104 0.11 0.21241830065359477
0 0.411 0.4215686274509804 0.046 0.05228758169934641
0 0.209 0.42483660130718953 0.048 0.05555555555555555
0 0.293 0.4264705882352941 0.044 0.049019607843137254
0 0.837 0.5179738562091504 0.042 0.0457516339869281
3 0.484 0.6013071895424836 0.096 0.19281045751633988
0 0.741 0.4869281045751634 0.042 0.042483660130718956
0 0.502 0.4477124183006536 0.042 0.05555555555555555
0 0.673 0.46895424836601307 0.044 0.05228758169934641
3 0.289 0.5816993464052288 0.086 0.18627450980392157
0 0.595 0.47549019607843135 0.038 0.0392156862745098
3 0.665 0.6225490196078431 0.096 0.19281045751633988
3 0.585 0.630718954248366 0.094 0.18627450980392157