3 0.5753846153846154 0.4041095890410959 0.08615384615384615 0.21095890410958903
3 0.7084615384615385 0.4547945205479452 0.09076923076923077 0.20821917808219179
0 0.5792307692307692 0.21643835616438356 0.046153846153846156 0.04657534246575343
0 0.32846153846153847 0.29315068493150687 0.033846153846153845 0.03287671232876712
3 0.8107692307692308 0.45616438356164385 0.10461538461538461 0.26575342465753427
1 0.7984615384615384 0.26438356164383564 0.052307692307692305 0.10684931506849316
3 0.2969230769230769 0.3958904109589041 0.043076923076923075 0.1178082191780822
3 0.42538461538461536 0.4301369863013699 0.055384615384615386 0.1506849315068493
1 0.7153846153846154 0.31095890410958904 0.043076923076923075 0.0958904109589041
1 0.47692307692307695 0.2726027397260274 0.036923076923076927 0.0821917808219178
1 0.41615384615384615 0.31917808219178084 0.02923076923076923 0.07397260273972603
1 0.37461538461538463 0.2945205479452055 0.02923076923076923 0.06575342465753424
1 0.22230769230769232 0.29178082191780824 0.023076923076923078 0.049315068493150684
1 0.26076923076923075 0.3 0.026153846153846153 0.0547945205479452
1 0.2946153846153846 0.31095890410958904 0.023076923076923078 0.043835616438356165
3 0.4876923076923077 0.40821917808219177 0.06 0.18082191780821918
3 0.37461538461538463 0.40273972602739727 0.047692307692307694 0.13972602739726028
3 0.33615384615384614 0.40273972602739727 0.043076923076923075 0.13424657534246576
3 0.1523076923076923 0.3863013698630137 0.043076923076923075 0.10136986301369863
3 0.22615384615384615 0.3726027397260274 0.03538461538461538 0.1095890410958904
1 0.14461538461538462 0.3095890410958904 0.021538461538461538 0.038356164383561646