3 0.25518 0.6034967320261437 0.07257999999999999 0.16794117647058823
3 0.79936 0.6213398692810458 0.09412000000000001 0.186078431372549
3 0.15825999999999998 0.6172222222222222 0.07596 0.1734640522875817
3 0.60274 0.5900980392156863 0.09938 0.19839869281045752
0 0.59284 0.43385620915032674 0.04272 0.04643790849673203
0 0.7942 0.46581699346405225 0.045899999999999996 0.04931372549019608
0 0.7103400000000001 0.45565359477124184 0.0417 0.042418300653594775
0 0.16322 0.4697385620915033 0.04034 0.03964052287581699
3 0.51058 0.6029738562091503 0.0874 0.18248366013071896
0 0.26074 0.45323529411764707 0.039979999999999995 0.03741830065359477
0 0.50032 0.44800653594771245 0.03976 0.051045751633986926
0 0.32958 0.44450980392156864 0.04258 0.04689542483660131
3 0.70596 0.6109803921568627 0.07676000000000001 0.17676470588235296
0 0.40676 0.4614052287581699 0.03668 0.03411764705882353
3 0.32932 0.5987581699346405 0.08612 0.18209150326797385
3 0.40826 0.6180718954248365 0.08608 0.17333333333333334