0 0.32595999999999997 0.32541076487252124 0.20252 0.23288951841359773
1 0.98476 0.3251558073654391 0.03046 0.11093484419263455
0 0.03062 0.38798866855524083 0.06124 0.07144475920679887
3 0.328 0.7556657223796034 0.264 0.4801699716713881
1 0.7595 0.3562322946175637 0.145 0.23087818696883852
1 0.634 0.3973087818696884 0.08 0.14022662889518414
1 0.525 0.3973087818696884 0.066 0.10906515580736544
2 0.7085 0.7584985835694051 0.227 0.4830028328611898
3 0.0715 0.6140226628895185 0.059 0.2790368271954674
1 0.876 0.3526912181303116 0.062 0.1388101983002833
1 0.93 0.3973087818696884 0.062 0.08356940509915015