2 0.32 0.7372881355932204 0.128 0.2796610169491525
2 0.537 0.6751412429378532 0.11 0.2344632768361582
2 0.435 0.6850282485875706 0.116 0.2655367231638418
2 0.104 0.7740112994350282 0.136 0.3163841807909605
0 0.207 0.5451977401129944 0.052 0.0480225988700565
0 0.076 0.5437853107344632 0.062 0.05649717514124294
0 0.519 0.5 0.058 0.059322033898305086
0 0.271 0.4957627118644068 0.038 0.03672316384180791
0 0.435 0.5056497175141242 0.062 0.062146892655367235
0 0.33 0.5225988700564972 0.072 0.07627118644067797
0 0.263 0.53954802259887 0.052 0.05084745762711865
1 0.131 0.5536723163841808 0.066 0.09322033898305085
1 0.946 0.536723163841808 0.072 0.11299435028248588