0 0.7963636363636364 0.4198895027624309 0.16363636363636364 0.17955801104972377
0 0.8345454545454546 0.6146408839779005 0.2109090909090909 0.2569060773480663
0 0.5227272727272727 0.38535911602209943 0.12 0.16298342541436464
0 0.6145454545454545 0.2803867403314917 0.07636363636363637 0.06906077348066299
0 0.41545454545454547 0.2513812154696133 0.07818181818181819 0.08287292817679558
0 0.72 0.319060773480663 0.10727272727272727 0.10497237569060773
0 0.83 0.21685082872928177 0.08545454545454545 0.08839779005524862
3 0.48818181818181816 0.6906077348066298 0.18545454545454546 0.4005524861878453
3 0.8090909090909091 0.8549723756906077 0.2545454545454545 0.23480662983425415
3 0.6163636363636363 0.4488950276243094 0.09636363636363636 0.1685082872928177
3 0.4009090909090909 0.39226519337016574 0.11454545454545455 0.11878453038674033
3 0.6763636363636364 0.5331491712707183 0.08545454545454545 0.1878453038674033