1 0.04083333333333333 0.4088888888888889 0.045 0.051111111111111114
3 0.5725 0.5833333333333334 0.125 0.27111111111111114
3 0.23166666666666666 0.5266666666666666 0.08833333333333333 0.19555555555555557
0 0.6466666666666666 0.4122222222222222 0.05 0.04888888888888889
1 0.43666666666666665 0.40444444444444444 0.051666666666666666 0.06222222222222222
1 0.3625 0.41 0.04833333333333333 0.06666666666666667
0 0.24916666666666668 0.36 0.07 0.06444444444444444
1 0.0725 0.3888888888888889 0.04 0.057777777777777775
1 0.5658333333333333 0.39 0.06 0.07555555555555556
0 0.515 0.40555555555555556 0.05333333333333334 0.06
1 0.4791666666666667 0.4122222222222222 0.03166666666666667 0.06666666666666667
1 0.32916666666666666 0.40555555555555556 0.028333333333333332 0.05333333333333334
1 0.9725 0.46555555555555556 0.055 0.10888888888888888
2 0.9533333333333334 0.6977777777777778 0.09166666666666666 0.35777777777777775
2 0.42083333333333334 0.5222222222222223 0.06166666666666667 0.16444444444444445
2 0.3433333333333333 0.5388888888888889 0.075 0.18222222222222223