0 0.8125 0.2832512315270936 0.027777777777777776 0.03694581280788178
0 0.42569444444444443 0.07635467980295567 0.03333333333333333 0.046798029556650245
1 0.4340277777777778 0.7869458128078818 0.025 0.03201970443349754
0 0.2111111111111111 0.6354679802955665 0.02638888888888889 0.05172413793103448
0 0.22013888888888888 0.729064039408867 0.02638888888888889 0.04926108374384237
0 0.3263888888888889 0.3485221674876847 0.025 0.04433497536945813
0 0.7722222222222223 0.2955665024630542 0.016666666666666666 0.024630541871921183
0 0.7479166666666667 0.7278325123152709 0.0375 0.06403940886699508
0 0.5506944444444445 0.23029556650246305 0.015277777777777777 0.024630541871921183
2 0.7541666666666667 0.33620689655172414 0.03611111111111111 0.06896551724137931
2 0.8354166666666667 0.33620689655172414 0.0375 0.07389162561576355
2 0.7201388888888889 0.7758620689655172 0.06527777777777778 0.11330049261083744
3 0.25763888888888886 0.6748768472906403 0.06944444444444445 0.09852216748768473