2 0.47275 0.48866666666666664 0.089475 0.1439279279279279
3 0.1653625 0.48803603603603607 0.136425 0.2567747747747748
3 0.7505 0.5642702702702703 0.0916 0.19556756756756757
0 0.74505 0.4238018018018018 0.042800000000000005 0.033063063063063065
0 0.5925875 0.42763963963963963 0.048225 0.046468468468468464
0 0.6937375 0.4346306306306306 0.0368125 0.030756756756756758
0 0.3061875 0.34736936936936935 0.054450000000000005 0.052054054054054055
0 0.4734875 0.35234234234234235 0.0547 0.05030630630630631
0 0.385525 0.4016396396396396 0.05375 0.047855855855855854
3 0.294675 0.5007567567567568 0.09720000000000001 0.18266666666666667
0 0.5115375 0.410954954954955 0.0365375 0.037423423423423426
0 0.6423125000000001 0.4456036036036036 0.0326875 0.03464864864864865
3 0.5947125 0.5377657657657657 0.0721125 0.13306306306306306
3 0.6524 0.5509369369369369 0.052887500000000004 0.13167567567567567
3 0.6961499999999999 0.5225225225225225 0.046150000000000004 0.08592792792792793
3 0.381725 0.5336036036036036 0.076925 0.158
0 0.20679999999999998 0.30009009009009013 0.0768125 0.06882882882882883