0 0.7081818181818181 0.5213903743315508 0.21636363636363637 0.28342245989304815
2 0.8245454545454546 0.8409090909090909 0.24545454545454545 0.3181818181818182
0 0.8309090909090909 0.22058823529411764 0.07454545454545454 0.08823529411764706
0 0.5336363636363637 0.13101604278074866 0.08 0.08288770053475936
0 0.7127272727272728 0.15240641711229946 0.09636363636363636 0.10695187165775401
0 0.9172727272727272 0.2874331550802139 0.06363636363636363 0.07754010695187166
0 0.9654545454545455 0.2553475935828877 0.06909090909090909 0.10962566844919786
0 0.5490909090909091 0.4786096256684492 0.1690909090909091 0.27540106951871657
2 0.11818181818181818 0.4505347593582888 0.23636363636363636 0.6871657754010695
2 0.33454545454545453 0.3997326203208556 0.14 0.3609625668449198
2 0.21636363636363637 0.4050802139037433 0.13818181818181818 0.4786096256684492
3 0.5009090909090909 0.3114973262032086 0.11454545454545455 0.21390374331550802
3 0.6981818181818182 0.32754010695187163 0.19272727272727272 0.20588235294117646
1 0.78 0.25267379679144386 0.07636363636363637 0.13101604278074866
2 0.8881818181818182 0.40641711229946526 0.09090909090909091 0.16042780748663102