2 0.48333333333333334 0.5983333333333334 0.13777777777777778 0.29333333333333333
0 0.8588888888888889 0.051666666666666666 0.18444444444444444 0.10333333333333333
0 0.6166666666666667 0.29833333333333334 0.06 0.06
0 0.6488888888888888 0.41333333333333333 0.09555555555555556 0.13333333333333333
0 0.3388888888888889 0.37333333333333335 0.044444444444444446 0.04
2 0.37444444444444447 0.57 0.09333333333333334 0.21
2 0.6966666666666667 0.6933333333333334 0.16444444444444445 0.34
2 0.5988888888888889 0.6 0.1511111111111111 0.25666666666666665
0 0.5833333333333334 0.38333333333333336 0.08666666666666667 0.11
0 0.5133333333333333 0.41 0.05555555555555555 0.07333333333333333
0 0.5311111111111111 0.36666666666666664 0.04666666666666667 0.06
0 0.45111111111111113 0.38 0.07333333333333333 0.1
0 0.36666666666666664 0.41333333333333333 0.05555555555555555 0.07666666666666666
0 0.24444444444444444 0.43 0.051111111111111114 0.06666666666666667
0 0.6433333333333333 0.33666666666666667 0.05333333333333334 0.05333333333333334