2 0.710625 0.5375939849624061 0.1075 0.19172932330827067
0 0.728125 0.4116541353383459 0.04375 0.06203007518796992
0 0.090625 0.42199248120300753 0.06125 0.06390977443609022
0 0.4125 0.3505639097744361 0.0525 0.05639097744360902
2 0.16875 0.48120300751879697 0.0525 0.08270676691729323
0 0.67625 0.38345864661654133 0.05375 0.07142857142857142
0 0.613125 0.3919172932330827 0.0575 0.07142857142857142
0 0.41625 0.4755639097744361 0.09125 0.11842105263157894
0 0.29375 0.42951127819548873 0.0575 0.05827067669172932
0 0.164375 0.43139097744360905 0.05375 0.04887218045112782
0 0.4775 0.38627819548872183 0.04875 0.06203007518796992
2 0.605 0.5488721804511278 0.1 0.20864661654135339
2 0.29125 0.5507518796992481 0.07625 0.15037593984962405
2 0.44375 0.6729323308270677 0.12625 0.2631578947368421
2 0.169375 0.6804511278195489 0.11875 0.23308270676691728
2 0.086875 0.6381578947368421 0.08625 0.23308270676691728