3 0.811 0.29790419161676646 0.086 0.20658682634730538
3 0.656 0.27395209580838326 0.072 0.15568862275449102
0 0.326 0.17065868263473055 0.03 0.038922155688622756
0 0.427 0.1691616766467066 0.032 0.041916167664670656
0 0.794 0.14221556886227546 0.048 0.05688622754491018
3 0.469 0.35479041916167664 0.154 0.33532934131736525
0 0.362 0.16167664670658682 0.028 0.029940119760479042
0 0.122 0.15718562874251496 0.038 0.04491017964071856
0 0.062 0.18413173652694612 0.022 0.023952095808383235
0 0.468 0.07035928143712575 0.078 0.08383233532934131
2 0.221 0.24850299401197604 0.04 0.08383233532934131
0 0.889 0.09431137724550898 0.048 0.06287425149700598
0 0.648 0.15718562874251496 0.032 0.04790419161676647
0 0.28 0.18263473053892215 0.024 0.02694610778443114
0 0.083 0.18712574850299402 0.02 0.038922155688622756
0 0.213 0.18413173652694612 0.018 0.029940119760479042
3 0.341 0.26646706586826346 0.052 0.11976047904191617
3 0.281 0.2440119760479042 0.04 0.08682634730538923
2 0.119 0.2694610778443114 0.058 0.11976047904191617
3 0.059 0.24251497005988024 0.022 0.05389221556886228
3 0.18 0.22904191616766467 0.022 0.0658682634730539
3 0.899 0.23203592814371257 0.07 0.16766467065868262