1 0.055 0.32555555555555554 0.05 0.06
3 0.5633333333333334 0.5966666666666667 0.15 0.2911111111111111
3 0.23166666666666666 0.4766666666666667 0.10833333333333334 0.2088888888888889
0 0.6541666666666667 0.44 0.055 0.057777777777777775
1 0.44666666666666666 0.3933333333333333 0.056666666666666664 0.07111111111111111
1 0.37333333333333335 0.38555555555555554 0.055 0.07555555555555556
0 0.26666666666666666 0.31444444444444447 0.07666666666666666 0.07555555555555556
1 0.08833333333333333 0.3111111111111111 0.045 0.06444444444444444
1 0.5766666666666667 0.4033333333333333 0.06666666666666667 0.08444444444444445
0 0.525 0.4088888888888889 0.06 0.07111111111111111
1 0.48833333333333334 0.41 0.03833333333333333 0.07111111111111111
1 0.34 0.37444444444444447 0.03333333333333333 0.057777777777777775
1 0.9691666666666666 0.5544444444444444 0.06166666666666667 0.11777777777777777
2 0.9283333333333333 0.78 0.12833333333333333 0.3688888888888889
2 0.4191666666666667 0.5066666666666667 0.07833333333333334 0.17333333333333334
2 0.3408333333333333 0.51 0.09333333333333334 0.19333333333333333