2 0.9190909090909091 0.659400544959128 0.1509090909090909 0.26430517711171664
0 0.28909090909090907 0.4209809264305177 0.12727272727272726 0.14168937329700274
2 0.1509090909090909 0.6866485013623979 0.1 0.1989100817438692
0 0.04454545454545455 0.5381471389645777 0.04363636363636364 0.03814713896457766
0 0.8736363636363637 0.4223433242506812 0.06 0.07356948228882834
0 0.5272727272727272 0.4713896457765668 0.06363636363636363 0.0681198910081744
0 0.7772727272727272 0.45231607629427795 0.04181818181818182 0.051771117166212535
0 0.36818181818181817 0.4673024523160763 0.04181818181818182 0.05722070844686648
2 0.3009090909090909 0.7901907356948229 0.23454545454545456 0.4196185286103542
1 0.16454545454545455 0.5367847411444142 0.06363636363636363 0.12806539509536785
2 0.05818181818181818 0.662125340599455 0.06909090909090909 0.15258855585831063
2 0.7063636363636364 0.6716621253405994 0.12 0.22343324250681199
2 0.5372727272727272 0.6539509536784741 0.11090909090909092 0.22888283378746593
0 0.4627272727272727 0.5231607629427792 0.02727272727272727 0.035422343324250684
0 0.40454545454545454 0.5149863760217984 0.02909090909090909 0.04087193460490463
2 0.4636363636363636 0.5994550408719346 0.04727272727272727 0.09536784741144415
2 0.79 0.5599455040871935 0.07454545454545454 0.14713896457765668