2 0.5901090909090909 0.5219934640522875 0.0768909090909091 0.18434640522875817
3 0.6886727272727272 0.5263398692810458 0.09003636363636364 0.22915032679738565
0 0.3361272727272727 0.4160130718954248 0.03267272727272727 0.03624183006535948
3 0.49729090909090906 0.5409803921568627 0.0688 0.17
0 0.38265454545454547 0.39738562091503266 0.03992727272727273 0.048790849673202616
0 0.5843090909090909 0.3358496732026144 0.05092727272727273 0.0630392156862745
0 0.6700909090909091 0.3083333333333333 0.06094545454545455 0.06669934640522876
0 0.49260000000000004 0.36947712418300654 0.046599999999999996 0.05133986928104575
3 0.4319272727272727 0.5427124183006535 0.052654545454545454 0.15434640522875817
3 0.33598181818181816 0.5513071895424836 0.05038181818181818 0.15251633986928106
2 0.383 0.5420588235294118 0.046636363636363636 0.1491830065359477
0 0.43296363636363633 0.4010130718954248 0.04407272727272727 0.057058823529411766