2 0.306875 0.6334586466165414 0.12625 0.212406015037594
0 0.265 0.5225563909774437 0.05 0.07142857142857142
0 0.873125 0.23590225563909775 0.06625 0.07706766917293233
0 0.5525 0.3176691729323308 0.0575 0.06766917293233082
2 0.81125 0.32800751879699247 0.06 0.09398496240601503
0 0.30875 0.4708646616541353 0.06 0.08270676691729323
0 0.37 0.450187969924812 0.06375 0.08270676691729323
0 0.575 0.43796992481203006 0.10125 0.13721804511278196
0 0.681875 0.337406015037594 0.06125 0.07142857142857142
0 0.805 0.2781954887218045 0.0575 0.06015037593984962
0 0.498125 0.3806390977443609 0.05375 0.07142857142857142
2 0.41 0.5949248120300752 0.12125 0.2274436090225564
2 0.70875 0.45112781954887216 0.09 0.16353383458646617
2 0.58875 0.6381578947368421 0.15125 0.2857142857142857
2 0.85125 0.5178571428571429 0.14125 0.2556390977443609
2 0.92125 0.43890977443609025 0.11 0.2462406015037594