0 0.49583333333333335 0.41555555555555557 0.023333333333333334 0.028888888888888888
2 0.39916666666666667 0.4688888888888889 0.035 0.06
2 0.5041666666666667 0.47888888888888886 0.043333333333333335 0.09333333333333334
0 0.39666666666666667 0.4288888888888889 0.02 0.022222222222222223
1 0.8208333333333333 0.3422222222222222 0.02666666666666667 0.03777777777777778
1 0.7925 0.3477777777777778 0.02666666666666667 0.035555555555555556
3 0.1975 0.5177777777777778 0.045 0.07333333333333333
2 0.44666666666666666 0.4677777777777778 0.03833333333333333 0.07555555555555556
2 0.10333333333333333 0.5377777777777778 0.03166666666666667 0.06666666666666667
0 0.3458333333333333 0.43555555555555553 0.018333333333333333 0.02666666666666667
0 0.20666666666666667 0.4577777777777778 0.018333333333333333 0.022222222222222223
0 0.18 0.4722222222222222 0.016666666666666666 0.024444444444444446
0 0.10166666666666667 0.49333333333333335 0.021666666666666667 0.024444444444444446
1 0.16416666666666666 0.47333333333333333 0.018333333333333333 0.03111111111111111
1 0.23416666666666666 0.45111111111111113 0.021666666666666667 0.024444444444444446
1 0.5925 0.39444444444444443 0.021666666666666667 0.02666666666666667
2 0.465 0.46555555555555556 0.02666666666666667 0.06666666666666667
1 0.4375 0.41888888888888887 0.02 0.02666666666666667
1 0.4558333333333333 0.41888888888888887 0.015 0.02666666666666667
1 0.30916666666666665 0.4477777777777778 0.02 0.02666666666666667
1 0.27666666666666667 0.45222222222222225 0.018333333333333333 0.02666666666666667
2 0.5991666666666666 0.43666666666666665 0.03833333333333333 0.06
0 0.5275 0.5333333333333333 0.025 0.035555555555555556