0 0.5175 0.41888888888888887 0.023333333333333334 0.028888888888888888
2 0.41333333333333333 0.42444444444444446 0.035 0.06
2 0.51 0.4822222222222222 0.043333333333333335 0.09333333333333334
0 0.4216666666666667 0.38555555555555554 0.02 0.022222222222222223
1 0.8416666666666667 0.49777777777777776 0.02666666666666667 0.03777777777777778
1 0.8133333333333334 0.49 0.02666666666666667 0.035555555555555556
3 0.21166666666666667 0.3788888888888889 0.045 0.07333333333333333
2 0.4583333333333333 0.44555555555555554 0.03833333333333333 0.07555555555555556
2 0.1175 0.35444444444444445 0.03166666666666667 0.06666666666666667
0 0.37166666666666665 0.3688888888888889 0.018333333333333333 0.02666666666666667
0 0.235 0.32666666666666666 0.018333333333333333 0.022222222222222223
0 0.20666666666666667 0.3277777777777778 0.016666666666666666 0.024444444444444446
0 0.1275 0.3111111111111111 0.021666666666666667 0.024444444444444446
1 0.19083333333333333 0.3211111111111111 0.018333333333333333 0.03111111111111111
1 0.2633333333333333 0.3333333333333333 0.021666666666666667 0.024444444444444446
1 0.6141666666666666 0.44333333333333336 0.021666666666666667 0.02666666666666667
2 0.47583333333333333 0.45111111111111113 0.02666666666666667 0.06666666666666667
1 0.46166666666666667 0.39555555555555555 0.02 0.02666666666666667
1 0.4791666666666667 0.4033333333333333 0.015 0.02666666666666667
1 0.33416666666666667 0.36333333333333334 0.02 0.02666666666666667
1 0.3025 0.3522222222222222 0.018333333333333333 0.02666666666666667
2 0.61 0.4855555555555556 0.03833333333333333 0.06
0 0.5175 0.5433333333333333 0.025 0.035555555555555556