2 0.8357142857142857 0.3670212765957447 0.054285714285714284 0.1148936170212766
2 0.9342857142857143 0.551063829787234 0.09285714285714286 0.14680851063829786
2 0.5935714285714285 0.7223404255319149 0.08571428571428572 0.1851063829787234
3 0.8985714285714286 0.21808510638297873 0.06 0.14893617021276595
0 0.8607142857142858 0.06914893617021277 0.045714285714285714 0.04893617021276596
0 0.5935714285714285 0.5851063829787234 0.047142857142857146 0.04893617021276596
1 0.37857142857142856 0.12446808510638298 0.032857142857142856 0.03404255319148936
2 0.30214285714285716 0.17872340425531916 0.047142857142857146 0.0851063829787234
3 0.4614285714285714 0.1946808510638298 0.054285714285714284 0.10425531914893617
2 0.3607142857142857 0.18723404255319148 0.03571428571428571 0.05319148936170213
3 0.32 0.24361702127659574 0.05857142857142857 0.08085106382978724
1 0.8021428571428572 0.14468085106382977 0.02857142857142857 0.05319148936170213
1 0.8064285714285714 0.2148936170212766 0.03 0.04680851063829787
1 0.7871428571428571 0.23617021276595745 0.03142857142857143 0.05319148936170213
1 0.935 0.44680851063829785 0.03857142857142857 0.06382978723404255
1 0.7914285714285715 0.526595744680851 0.04285714285714286 0.08085106382978724
1 0.8142857142857143 0.2968085106382979 0.03 0.0574468085106383
2 0.8021428571428572 0.6351063829787233 0.06857142857142857 0.14468085106382977
3 0.8635714285714285 0.16808510638297872 0.05 0.10425531914893617
0 0.8264285714285714 0.10531914893617021 0.037142857142857144 0.04042553191489362
0 0.9021428571428571 0.11063829787234042 0.03571428571428571 0.04680851063829787
2 0.8357142857142857 0.2648936170212766 0.027142857142857142 0.08297872340425531