0 0.29314545454545454 0.4576737967914438 0.18803636363636364 0.22999999999999998
2 0.12736363636363635 0.7754545454545454 0.20136363636363636 0.34930481283422454
0 0.2154909090909091 0.12505347593582888 0.0654909090909091 0.06844919786096257
0 0.5195272727272727 0.12938502673796792 0.073 0.061149732620320855
0 0.3411818181818182 0.09558823529411764 0.08632727272727272 0.08352941176470588
0 0.12147272727272727 0.16483957219251336 0.05589090909090909 0.06096256684491979
0 0.06836363636363636 0.11443850267379678 0.07892727272727272 0.08617647058823528
0 0.4550181818181818 0.46438502673796794 0.13876363636363634 0.23922459893048129
2 0.8909090909090909 0.571336898395722 0.17032727272727274 0.6501604278074866
2 0.6756 0.4524331550802139 0.09378181818181817 0.339144385026738
2 0.7909090909090909 0.4939572192513369 0.0736909090909091 0.4672192513368984
3 0.5258363636363635 0.31593582887700533 0.08900000000000001 0.18997326203208556
3 0.3306181818181818 0.2701871657754011 0.17512727272727271 0.1547860962566845
1 0.26076363636363636 0.1716844919786096 0.0622 0.11540106951871656
2 0.1334909090909091 0.28989304812834227 0.07176363636363636 0.14072192513368983