0 0.8974108451392281 0.6534576534576535 0.02051783097215437 0.021756021756021756
0 0.9240351734245237 0.7952602952602953 0.024914509037616023 0.02641802641802642
0 0.524181729360039 0.4370629370629371 0.012701514411333659 0.018648018648018648
0 0.5297997068881289 0.49922299922299923 0.01172447484123107 0.020202020202020204
0 0.4416218856863703 0.45493395493395494 0.010258915486077186 0.024087024087024088
0 0.44455300439667805 0.5236985236985237 0.01172447484123107 0.020202020202020204
0 0.6487542745481192 0.1445221445221445 0.012701514411333659 0.018648018648018648
0 0.6673180263800684 0.13597513597513597 0.013678553981436248 0.020202020202020204
0 0.6560820713238886 0.17637917637917638 0.01172447484123107 0.017094017094017096
0 0.680752320468979 0.17094017094017094 0.012212994626282364 0.016317016317016316
0 0.5153883732291158 0.7707847707847708 0.017586712261846604 0.023310023310023312
0 0.49193942354665365 0.7571872571872572 0.014655593551538837 0.019425019425019424
0 0.466047874938935 0.7735042735042735 0.013190034196384953 0.023310023310023312
0 0.45896433805569126 0.7428127428127428 0.013678553981436248 0.021756021756021756
0 0.46116267708842207 0.8834498834498834 0.012701514411333659 0.021756021756021756
0 0.9545676599902296 0.7148407148407149 0.01709819247679531 0.027195027195027196
0 0.9640937957987299 0.6592851592851593 0.01709819247679531 0.028749028749028748
0 0.9553004396678065 0.7552447552447552 0.01612115290669272 0.027195027195027196
0 0.25476306790425013 0.3787878787878788 0.009770395701025891 0.017871017871017872
0 0.25061064973131414 0.4188034188034188 0.01074743527112848 0.01554001554001554
0 0.25378602833414754 0.45493395493395494 0.01172447484123107 0.020202020202020204
0 0.24523693209574987 0.49533799533799533 0.014655593551538837 0.022533022533022532
0 0.24572545188080117 0.5357420357420357 0.01172447484123107 0.018648018648018648
0 0.24132877381533951 0.5936285936285937 0.012212994626282364 0.024864024864024864
0 0.1431362970200293 0.4506604506604507 0.013678553981436248 0.019425019425019424
3 0.6966292134831461 0.34032634032634035 0.0180752320468979 0.035742035742035744
3 0.7039570102589154 0.2812742812742813 0.01709819247679531 0.027195027195027196
3 0.7244748412310699 0.32634032634032634 0.013678553981436248 0.030303030303030304
3 0.756228627259404 0.3243978243978244 0.013678553981436248 0.030303030303030304
3 0.9171958964338056 0.2777777777777778 0.017586712261846604 0.04040404040404041
3 0.8717635564240351 0.4386169386169386 0.0180752320468979 0.030303030303030304
3 0.6744015632633121 0.26495726495726496 0.016609672691744015 0.029526029526029528
3 0.23155837811431362 0.44405594405594406 0.018563751831949193 0.024864024864024864
3 0.2237420615534929 0.616938616938617 0.0180752320468979 0.030303030303030304
3 0.23058133854421103 0.5163170163170163 0.017586712261846604 0.024087024087024088