2 0.5277111111111111 0.592 0.10953333333333333 0.2673
0 0.09035555555555555 0.11783333333333333 0.17226666666666665 0.12903333333333333
0 0.36131111111111114 0.3315 0.05644444444444444 0.0462
0 0.3429333333333333 0.4532333333333333 0.08271111111111111 0.11493333333333332
0 0.6441111111111112 0.33286666666666664 0.04248888888888889 0.0285
2 0.6319333333333333 0.5367999999999999 0.07128888888888889 0.19583333333333333
2 0.32871111111111107 0.7409666666666667 0.12962222222222222 0.3125
2 0.41388888888888886 0.6243 0.12777777777777777 0.22640000000000002
0 0.40415555555555555 0.40626666666666666 0.07684444444444444 0.09026666666666666
0 0.4763777777777778 0.41459999999999997 0.04906666666666666 0.0625
0 0.4541555555555556 0.3771 0.041666666666666664 0.0486
0 0.5342666666666667 0.36943333333333334 0.06482222222222223 0.08333333333333333
0 0.6217555555555556 0.38056666666666666 0.04906666666666666 0.06390000000000001
0 0.7430666666666667 0.3645666666666667 0.04537777777777778 0.05693333333333333
0 0.3398222222222222 0.3771 0.04815555555555556 0.04306666666666667