0 0.7072727272727273 0.5320855614973262 0.22 0.2887700534759358
2 0.8154545454545454 0.8462566844919787 0.25272727272727274 0.3074866310160428
0 0.8381818181818181 0.23796791443850268 0.07454545454545454 0.09090909090909091
0 0.5418181818181819 0.13368983957219252 0.08 0.0855614973262032
0 0.7209090909090909 0.16443850267379678 0.09818181818181818 0.11229946524064172
0 0.9227272727272727 0.3088235294117647 0.06363636363636363 0.08021390374331551
0 0.9681818181818181 0.27807486631016043 0.06363636363636363 0.11229946524064172
0 0.5490909090909091 0.48128342245989303 0.17454545454545456 0.2807486631016043
2 0.12272727272727273 0.42914438502673796 0.24545454545454545 0.6925133689839572
2 0.3372727272727273 0.3917112299465241 0.14727272727272728 0.36363636363636365
2 0.2190909090909091 0.39037433155080214 0.14909090909090908 0.4786096256684492
3 0.5054545454545455 0.31283422459893045 0.11818181818181818 0.21657754010695188
3 0.7018181818181818 0.33689839572192515 0.19454545454545455 0.21122994652406418
1 0.7863636363636364 0.2660427807486631 0.08 0.13368983957219252
2 0.89 0.4264705882352941 0.09272727272727273 0.16310160427807488