0 0.694 0.2694610778443114 0.212 0.1317365269461078
0 0.294 0.28293413173652693 0.208 0.11676646706586827
0 0.924 0.23652694610778444 0.112 0.09281437125748503
0 0.152 0.20508982035928144 0.18 0.1317365269461078
0 0.514 0.23353293413173654 0.196 0.11077844311377245
0 0.762 0.1631736526946108 0.16 0.09281437125748503
0 0.532 0.11826347305389222 0.148 0.08682634730538923
0 0.39 0.17065868263473055 0.172 0.09281437125748503
0 0.296 0.1781437125748503 0.092 0.08982035928143713
0 0.054 0.20508982035928144 0.104 0.08682634730538923
0 0.032 0.18413173652694612 0.064 0.09281437125748503
0 0.71 0.1122754491017964 0.136 0.0658682634730539
0 0.242 0.13622754491017963 0.124 0.05389221556886228
0 0.222 0.058383233532934134 0.1 0.059880239520958084
0 0.124 0.10329341317365269 0.124 0.08383233532934131
0 0.58 0.05089820359281437 0.1 0.05089820359281437
0 0.42 0.05538922155688623 0.092 0.05089820359281437
2 0.714 0.5 0.372 0.2125748502994012
2 0.34 0.5359281437125748 0.348 0.2275449101796407