2 0.6 0.36875 0.0775 0.1375
2 0.4175 0.3078125 0.0875 0.18125
0 0.485 0.1609375 0.0675 0.0625
0 0.7975 0.1984375 0.05 0.04375
0 0.66 0.1875 0.0625 0.059375
0 0.59 0.2140625 0.065 0.059375
0 0.3825 0.109375 0.075 0.0625
0 0.70625 0.2140625 0.055 0.05625
0 0.20125 0.1046875 0.09 0.08125
0 0.3125 0.184375 0.0775 0.06875
0 0.8575 0.1359375 0.0475 0.0375
2 0.875 0.2953125 0.0825 0.153125
2 0.79375 0.340625 0.09 0.134375
2 0.73125 0.353125 0.0475 0.1375
2 0.6725 0.328125 0.0775 0.125
2 0.3525 0.39375 0.0875 0.209375
2 0.2025 0.3671875 0.2025 0.25625