2 0.60345 0.37296874999999996 0.07339999999999999 0.13443750000000002
2 0.42325 0.3036875 0.0817 0.17746875
0 0.493925 0.1610625 0.06480000000000001 0.059
0 0.80515 0.21165625000000002 0.04995 0.040625
0 0.669225 0.19540625 0.059800000000000006 0.056999999999999995
0 0.597525 0.21793749999999998 0.06355000000000001 0.05625
0 0.39375 0.10509375000000001 0.07225 0.058750000000000004
0 0.71395 0.22365624999999997 0.054400000000000004 0.052500000000000005
0 0.212875 0.092125 0.089075 0.077375
0 0.321475 0.1761875 0.076575 0.06409375
0 0.8676 0.15221875 0.046950000000000006 0.03696875
2 0.880125 0.31109375 0.0784 0.1505625
2 0.7977249999999999 0.35296875 0.086375 0.13209375
2 0.7358 0.3629375 0.044325 0.1349375
2 0.6767 0.3359375 0.073875 0.12075
2 0.355125 0.38778125 0.08295 0.207375
2 0.206825 0.35440625 0.19545 0.24859375