2 0.62 0.396875 0.09 0.146875
2 0.45125 0.290625 0.105 0.19375
0 0.54125 0.165625 0.0725 0.071875
0 0.84 0.2828125 0.055 0.05
0 0.70875 0.2375 0.0675 0.06875
0 0.635 0.24375 0.07 0.06875
0 0.45 0.0875 0.08 0.075
0 0.74875 0.275 0.06 0.0625
0 0.27375 0.0421875 0.0975 0.084375
0 0.36875 0.1421875 0.085 0.08125
0 0.91 0.2375 0.0525 0.046875
2 0.9 0.396875 0.0975 0.165625
2 0.81375 0.4203125 0.1025 0.15
2 0.75125 0.415625 0.0625 0.14375
2 0.69625 0.3765625 0.09 0.134375
2 0.3725 0.3578125 0.11 0.221875
2 0.23125 0.29375 0.2275 0.2875