0 0.7492307692307693 0.14791666666666667 0.07 0.06770833333333333
2 0.335 0.4973958333333333 0.11846153846153847 0.2916666666666667
0 0.6288461538461538 0.15052083333333333 0.05923076923076923 0.06145833333333333
0 0.3007692307692308 0.26927083333333335 0.06461538461538462 0.07604166666666666
0 0.36615384615384616 0.24791666666666667 0.11307692307692307 0.10208333333333333
3 0.7330769230769231 0.33177083333333335 0.09846153846153846 0.22916666666666666
2 0.6 0.30833333333333335 0.09 0.21145833333333333
1 0.19115384615384615 0.32916666666666666 0.019230769230769232 0.026041666666666668
1 0.1673076923076923 0.39427083333333335 0.01769230769230769 0.025
2 0.1776923076923077 0.4234375 0.031538461538461536 0.04583333333333333
2 0.19884615384615384 0.3609375 0.027692307692307693 0.040625