0 0.26461538461538464 0.13072916666666667 0.07153846153846154 0.071875
2 0.6646153846153846 0.509375 0.1276923076923077 0.29583333333333334
0 0.385 0.14166666666666666 0.06076923076923077 0.06458333333333334
0 0.708076923076923 0.2833333333333333 0.06615384615384616 0.07916666666666666
0 0.6434615384615384 0.2578125 0.11461538461538462 0.10833333333333334
3 0.27384615384615385 0.315625 0.10615384615384615 0.23229166666666667
2 0.4076923076923077 0.3015625 0.09692307692307692 0.21458333333333332
1 0.815 0.35104166666666664 0.019230769230769232 0.026041666666666668
1 0.8365384615384616 0.41822916666666665 0.018461538461538463 0.026041666666666668
2 0.8246153846153846 0.446875 0.03307692307692308 0.046875
2 0.8061538461538461 0.3828125 0.02923076923076923 0.041666666666666664