0 0.7868153846153846 0.20495833333333333 0.06476153846153845 0.054406249999999996
2 0.3373846153846154 0.4627291666666667 0.08732307692307692 0.27707291666666667
0 0.6676076923076923 0.18207291666666667 0.05437692307692307 0.05019791666666666
0 0.32985384615384616 0.22967708333333334 0.05786153846153846 0.06434375
0 0.3970153846153846 0.22294791666666666 0.10464615384615383 0.0808125
3 0.7494538461538461 0.3831875 0.07472307692307692 0.21577083333333333
2 0.6208769230769231 0.33184375 0.06813076923076923 0.19940625
1 0.21483846153846156 0.265625 0.016484615384615386 0.022322916666666668
1 0.1835153846153846 0.3251458333333333 0.015384615384615385 0.022322916666666668
2 0.19066153846153847 0.3563958333333333 0.02746923076923077 0.040177083333333335
2 0.2186846153846154 0.29910416666666667 0.024176923076923075 0.03571875