0 0.9454125000000001 0.44702247191011235 0.029837500000000003 0.030842696629213483
3 0.8376250000000001 0.5149438202247192 0.0346375 0.09666666666666666
0 0.3783625 0.2455992509363296 0.118275 0.1743071161048689
3 0.38365000000000005 0.5877340823970038 0.198075 0.4004681647940075
3 0.9523999999999999 0.5149812734082397 0.029812500000000002 0.0849812734082397
3 0.799525 0.5351498127340824 0.031724999999999996 0.0849812734082397
3 0.7384625 0.5264981273408239 0.019225000000000003 0.09074906367041198
3 0.7149 0.520749063670412 0.03365 0.10228464419475655
0 0.7048125000000001 0.4400749063670412 0.026924999999999998 0.03889513108614232
0 0.800475 0.4487265917602996 0.0278875 0.030243445692883893
0 0.8269249999999999 0.4379213483146067 0.028849999999999997 0.031685393258426967