0 0.0675 0.33239700374531833 0.0325 0.03745318352059925
3 0.165625 0.42696629213483145 0.045 0.10486891385767791
0 0.649375 0.2808988764044944 0.13625 0.20224719101123595
3 0.604375 0.6170411985018727 0.24125 0.44569288389513106
3 0.0525 0.3970037453183521 0.03875 0.09176029962546817
3 0.20125 0.45692883895131087 0.04125 0.09176029962546817
3 0.261875 0.46441947565543074 0.03 0.09363295880149813
3 0.28625 0.46441947565543074 0.045 0.10861423220973783
0 0.305 0.38764044943820225 0.03125 0.0449438202247191
0 0.21 0.3717228464419476 0.03125 0.03745318352059925
0 0.185 0.3539325842696629 0.0325 0.03932584269662921