0 0.92625 0.29868913857677903 0.03375 0.03932584269662921
3 0.83125 0.40074906367041196 0.04875 0.10674157303370786
0 0.343125 0.29307116104868913 0.14125 0.20973782771535582
3 0.4 0.6245318352059925 0.25375 0.45692883895131087
3 0.943125 0.36235955056179775 0.04125 0.09363295880149813
3 0.796875 0.43352059925093633 0.04375 0.09363295880149813
3 0.73625 0.44569288389513106 0.0325 0.09550561797752809
3 0.7125 0.44756554307116103 0.04875 0.1104868913857678
0 0.690625 0.37265917602996257 0.0325 0.04681647940074907
0 0.785 0.34831460674157305 0.03125 0.03932584269662921
0 0.809375 0.3295880149812734 0.0325 0.04119850187265917