0 0.5202546296296297 0.2551440329218107 0.1840277777777778 0.23868312757201646
0 0.7355324074074074 0.2037037037037037 0.3113425925925926 0.3436213991769547
0 0.16608796296296297 0.05555555555555555 0.2349537037037037 0.1111111111111111
3 0.7251157407407407 0.7613168724279835 0.5173611111111112 0.4773662551440329
3 0.09722222222222222 0.5617283950617284 0.19444444444444445 0.588477366255144
0 0.3420138888888889 0.07613168724279835 0.13078703703703703 0.1522633744855967
0 0.3003472222222222 0.026748971193415638 0.0775462962962963 0.053497942386831275
0 0.2667824074074074 0.04526748971193416 0.09143518518518519 0.09053497942386832
3 0.44849537037037035 0.7067901234567902 0.2488425925925926 0.5864197530864198
3 0.33275462962962965 0.4506172839506173 0.20717592592592593 0.51440329218107
3 0.2494212962962963 0.44650205761316875 0.11574074074074074 0.4403292181069959