3 0.9385989583333333 0.7443518518518518 0.11744791666666667 0.4959351851851852
0 0.6292552083333334 0.11763888888888889 0.14504166666666668 0.17964814814814817
0 0.4791302083333333 0.27988888888888885 0.12954166666666667 0.2084814814814815
0 0.29238020833333334 0.1849537037037037 0.138828125 0.15441666666666667
0 0.9673541666666666 0.22141666666666665 0.06528645833333332 0.14105555555555555
3 0.6653645833333334 0.6627685185185185 0.233265625 0.566
3 0.13633333333333333 0.5688148148148149 0.272671875 0.5842407407407407
0 0.924109375 0.23478703703703704 0.09077604166666667 0.14682407407407408
3 0.45015104166666664 0.7440462962962964 0.22321354166666665 0.5119074074074074
1 0.16034375 0.1289722222222222 0.10640104166666667 0.2526481481481482
0 0.14359895833333333 0.8564814814814815 0.14583333333333334 0.26587037037037037
3 0.8370520833333334 0.6951018518518519 0.10565625000000001 0.5780462962962962