3 0.071875 0.7717592592592593 0.13645833333333332 0.4564814814814815
0 0.35598958333333336 0.13472222222222222 0.1515625 0.19722222222222222
0 0.5122395833333333 0.2777777777777778 0.1375 0.22407407407407406
0 0.6947916666666667 0.16018518518518518 0.14479166666666668 0.1712962962962963
0 0.029166666666666667 0.2800925925925926 0.058333333333333334 0.14907407407407408
3 0.34140625 0.6828703703703703 0.2546875 0.5935185185185186
3 0.8588541666666667 0.5222222222222223 0.28229166666666666 0.6166666666666667
0 0.06640625 0.287962962962963 0.09635416666666667 0.1574074074074074
3 0.559375 0.7342592592592593 0.24270833333333333 0.5314814814814814
1 0.82421875 0.11018518518518519 0.11614583333333334 0.22037037037037038
0 0.86953125 0.8115740740740741 0.15572916666666667 0.2833333333333333
3 0.17135416666666667 0.7208333333333333 0.128125 0.5583333333333333