3 0.30080078125 0.37301749271137025 0.106015625 0.18991253644314868
0 0.2870703125 0.1846064139941691 0.074716796875 0.06940233236151604
3 0.899931640625 0.49361516034985425 0.0412109375 0.07295918367346939
0 0.64892578125 0.31590379008746355 0.039248046875 0.03692419825072886
0 0.777236328125 0.29236151603498545 0.041640625 0.043323615160349854
3 0.65341796875 0.43565597667638484 0.070400390625 0.13448979591836735
0 0.20568359375 0.23948979591836733 0.061015625 0.05259475218658892
3 0.510947265625 0.3194169096209913 0.117109375 0.28199708454810496
3 0.782509765625 0.4205247813411079 0.078154296875 0.1389795918367347
3 0.42236328125 0.36005830903790087 0.0888671875 0.26822157434402333
0 0.701171875 0.4096209912536443 0.025390625 0.037900874635568516
0 0.49462890625 0.05612244897959184 0.0849609375 0.09183673469387756
0 0.427734375 0.11880466472303207 0.0703125 0.07434402332361516
3 0.70654296875 0.48833819241982507 0.0380859375 0.08163265306122448
0 0.89453125 0.4293002915451895 0.01953125 0.027696793002915453
0 0.97314453125 0.42784256559766765 0.0185546875 0.027696793002915453
3 0.97265625 0.48615160349854225 0.033203125 0.06559766763848396
3 0.21240234375 0.40597667638483964 0.0712890625 0.18221574344023322