0 0.4836666666666667 0.3781962864721486 0.028874999999999998 0.038010610079575596
3 0.37751388888888887 0.48156498673740056 0.04198611111111111 0.09758620689655172
0 0.8517083333333334 0.3276657824933687 0.025666666666666667 0.0276657824933687
2 0.855125 0.40795755968169767 0.025861111111111112 0.08358090185676394
1 0.7514583333333332 0.7538726790450928 0.05994444444444444 0.1340318302387268
3 0.6695972222222223 0.8515915119363395 0.10380555555555555 0.18986737400530504
3 0.6038055555555556 0.5933156498673741 0.058486111111111114 0.11169761273209548
3 0.480625 0.4837400530503979 0.03873611111111111 0.1102917771883289
0 0.38449999999999995 0.4041644562334218 0.02338888888888889 0.043289124668435014
3 0.3358888888888889 0.799946949602122 0.08259722222222222 0.1340318302387268
1 0.8815833333333334 0.35809018567639256 0.013152777777777779 0.026525198938992044
2 0.8855972222222223 0.4118302387267904 0.021194444444444443 0.07259946949602122
0 0.08772222222222222 0.32946949602122017 0.014624999999999999 0.025119363395225466
3 0.08808333333333333 0.4006631299734748 0.024125 0.07538461538461538