3 0.7263671875 0.6491800878477306 0.18501953125 0.40472913616398243
0 0.663828125 0.30193265007320647 0.110205078125 0.12563689604685213
3 0.44140625 0.5973499267935578 0.102724609375 0.3209809663250366
0 0.057607421875 0.4437774524158126 0.06845703125 0.05439238653001464
0 0.53728515625 0.389121522693997 0.03662109375 0.04326500732064422
0 0.503876953125 0.41046852122986827 0.029384765625 0.028653001464128844
0 0.33388671875 0.4379648609077599 0.02595703125 0.03527086383601757
0 0.4117578125 0.3092240117130307 0.10048828125 0.09177159590043923
0 0.8349609375 0.3535871156661786 0.15625 0.23865300146412885
3 0.90869140625 0.7518301610541728 0.1826171875 0.49633967789165445
0 0.5 0.4480234260614934 0.03125 0.040995607613469986
0 0.3798828125 0.44363103953147875 0.015625 0.020497803806734993
3 0.5205078125 0.5300146412884333 0.0546875 0.1054172767203514
3 0.54345703125 0.47364568081991215 0.0478515625 0.09224011713030747
3 0.28759765625 0.5197657393850659 0.0361328125 0.07027818448023426
3 0.3330078125 0.5021961932650073 0.029296875 0.06149341142020498
3 0.0576171875 0.5622254758418741 0.07421875 0.11127379209370425