2 0.519375 0.646551724137931 0.08375 0.24482758620689654
2 0.2775 0.5724137931034483 0.07625 0.23448275862068965
0 0.75625 0.2706896551724138 0.04375 0.09655172413793103
3 0.38 0.5241379310344828 0.0775 0.23793103448275862
3 0.343125 0.3310344827586207 0.0675 0.22758620689655173
1 0.293125 0.41724137931034483 0.03625 0.1
0 0.515 0.4413793103448276 0.0425 0.1310344827586207
0 0.4675 0.28793103448275864 0.03875 0.1206896551724138
0 0.52625 0.06724137931034482 0.04 0.10344827586206896
1 0.400625 0.21379310344827587 0.0425 0.1103448275862069
0 0.553125 0.39482758620689656 0.04375 0.11724137931034483
3 0.5175 0.2620689655172414 0.06125 0.2517241379310345
3 0.619375 0.25517241379310346 0.085 0.22758620689655173
3 0.585 0.553448275862069 0.06 0.2413793103448276
3 0.815 0.41724137931034483 0.08375 0.2689655172413793
0 0.65125 0.10689655172413794 0.03375 0.09310344827586207