0 0.11462352941176471 0.1254561403508772 0.10716470588235294 0.09678947368421052
2 0.6214588235294117 0.4455087719298246 0.14574117647058824 0.20519298245614034
3 0.9284235294117646 0.411859649122807 0.12670588235294117 0.28142105263157896
0 0.8804588235294117 0.16607017543859648 0.10202352941176471 0.09187719298245614
3 0.08915294117647059 0.39180701754385966 0.1614470588235294 0.319140350877193
0 0.7111764705882353 0.16889473684210526 0.09728235294117647 0.09817543859649124
3 0.7726470588235295 0.3896842105263158 0.14769411764705884 0.306140350877193
1 0.6104117647058824 0.29082456140350876 0.06425882352941176 0.1309122807017544
1 0.5013529411764706 0.41564912280701755 0.0687764705882353 0.12956140350877193
2 0.48325882352941174 0.5215964912280702 0.16470588235294117 0.12010526315789473
0 0.45294117647058824 0.2759824561403509 0.08054117647058823 0.06342105263157895
0 0.3714941176470588 0.2429122807017544 0.05701176470588235 0.08366666666666667
3 0.4384588235294118 0.40149122807017545 0.07872941176470588 0.10931578947368421
3 0.38325882352941176 0.4284736842105263 0.0552 0.1956842105263158
2 0.2877882352941177 0.4372456140350877 0.14661176470588236 0.2834035087719298
1 0.31221176470588236 0.2159298245614035 0.0687764705882353 0.13224561403508772
0 0.17194117647058824 0.12821052631578947 0.059729411764705885 0.10526315789473684
3 0.18235294117647058 0.3697719298245614 0.06605882352941177 0.23750877192982456