0 0.5541455160744501 0.16583333333333333 0.22842639593908629 0.165
2 0.461082910321489 0.6508333333333334 0.3637901861252115 0.5216666666666666
0 0.9103214890016921 0.22333333333333333 0.17428087986463622 0.15333333333333332
0 0.1455160744500846 0.30833333333333335 0.043993231810490696 0.035
0 0.02707275803722504 0.020833333333333332 0.03722504230118443 0.028333333333333332
2 0.031302876480541454 0.09916666666666667 0.06091370558375635 0.085
0 0.05583756345177665 0.3616666666666667 0.1116751269035533 0.14166666666666666
0 0.7038917089678511 0.22 0.12351945854483926 0.11833333333333333
0 0.7681895093062606 0.27 0.08121827411167512 0.10333333333333333
0 0.22419627749576987 0.27166666666666667 0.13028764805414553 0.09666666666666666
2 0.8874788494077834 0.5933333333333334 0.22504230118443316 0.37333333333333335
2 0.21489001692047377 0.4508333333333333 0.17597292724196278 0.10166666666666667