0 0.57861328125 0.5674409448818898 0.154814453125 0.2131692913385827
2 0.921142578125 0.9518503937007874 0.080654296875 0.0962992125984252
0 0.333349609375 0.25293307086614175 0.11287109375 0.16948818897637793
0 0.94712890625 0.48720472440944884 0.105751953125 0.4204133858267716
0 0.86390625 0.4218307086614173 0.10951171875 0.3627755905511811
0 0.785439453125 0.3796456692913386 0.101845703125 0.35151574803149604
0 0.935751953125 0.8183267716535433 0.038369140625 0.06468503937007875
2 0.639296875 0.9393897637795275 0.152763671875 0.1212007874015748
2 0.38609375 0.8316929133858267 0.06068359375 0.1588779527559055
2 0.311103515625 0.8302952755905513 0.048828125 0.13358267716535432
2 0.269248046875 0.7958464566929134 0.04185546875 0.14903543307086614
2 0.230888671875 0.8295866141732283 0.03208984375 0.08998031496062993
2 0.348427734375 0.7480314960629921 0.042548828125 0.06187007874015748
1 0.34947265625 0.6840551181102362 0.01673828125 0.05765748031496063
1 0.3857421875 0.718503937007874 0.027900390625 0.0759251968503937
1 0.2730859375 0.6910826771653543 0.02162109375 0.05765748031496063
1 0.302734375 0.7311614173228347 0.02232421875 0.05624015748031496
1 0.2242578125 0.696003937007874 0.01744140625 0.05624015748031496
1 0.235068359375 0.7571653543307086 0.02232421875 0.05202755905511811
0 0.324013671875 0.6938976377952756 0.018837890625 0.03515748031496063
0 0.419228515625 0.681240157480315 0.018134765625 0.03515748031496063
1 0.055458984375 0.18771653543307087 0.020224609375 0.040767716535433075
1 0.09068359375 0.217244094488189 0.018134765625 0.040767716535433075
1 0.010810546875 0.1968503937007874 0.020224609375 0.045
1 0.14892578125 0.8963779527559056 0.06626953125 0.15326771653543306
2 0.341103515625 0.5188385826771653 0.13392578125 0.11811023622047244