3 0.3919354838709677 0.44333333333333336 0.1532258064516129 0.38
0 0.7169354838709677 0.051666666666666666 0.06935483870967742 0.10333333333333333
0 0.5564516129032258 0.095 0.07741935483870968 0.13333333333333333
0 0.3548387096774194 0.215 0.07096774193548387 0.13
0 0.2532258064516129 0.255 0.07580645161290323 0.13333333333333333
0 0.08225806451612903 0.2816666666666667 0.06290322580645161 0.12
3 0.5782258064516129 0.3416666666666667 0.1596774193548387 0.39
3 0.7483870967741936 0.285 0.1596774193548387 0.37666666666666665
3 0.9225806451612903 0.20333333333333334 0.1435483870967742 0.37333333333333335
3 0.2669354838709677 0.51 0.14193548387096774 0.38
3 0.10161290322580645 0.5533333333333333 0.1629032258064516 0.38666666666666666