0 0.6304 0.07995999999999999 0.04556 0.0498
0 0.8303400000000001 0.11172 0.07171999999999999 0.07723999999999999
0 0.67206 0.06620000000000001 0.046200000000000005 0.06344
0 0.42 0.030359999999999998 0.062060000000000004 0.06068
0 0.34172 0.08828 0.06276 0.08552
0 0.57862 0.046200000000000005 0.06068 0.09240000000000001
1 0.20068 0.12552 0.05794 0.12412000000000001
3 0.18275999999999998 0.31864 0.10206 0.25932
3 0.36172000000000004 0.33448 0.08896 0.29932
3 0.43827999999999995 0.2938 0.07379999999999999 0.32
3 0.5734400000000001 0.2862 0.12481999999999999 0.33516
3 0.65828 0.33656 0.06276 0.32827999999999996
3 0.83068 0.39516 0.07931999999999999 0.32688