0 0.904736328125 0.2511481481481482 0.187529296875 0.3716111111111111
0 0.3637109375 0.38455555555555554 0.092041015625 0.10496296296296297
0 0.581513671875 0.7749259259259259 0.0573828125 0.10511111111111111
0 0.2503125 0.7448888888888889 0.156474609375 0.3772037037037037
0 0.080341796875 0.7183518518518519 0.160693359375 0.29685185185185187
0 0.58630859375 0.24287037037037038 0.166015625 0.46011111111111114
2 0.7470703125 0.7094074074074074 0.292216796875 0.5812037037037038
1 0.730546875 0.25925925925925924 0.12845703125 0.3333333333333333
1 0.259541015625 0.39101851851851854 0.060849609375 0.1581111111111111
1 0.41166015625 0.3425925925925926 0.052587890625 0.12677777777777777
1 0.477392578125 0.3696666666666667 0.021787109375 0.14387037037037037
1 0.17615234375 0.4230740740740741 0.1044140625 0.26781481481481484
1 0.05408203125 0.453 0.07662109375 0.1623888888888889
1 0.11380859375 0.486462962962963 0.029296875 0.08403703703703704