0 0.408735332464146 0.2936802973977695 0.1577574967405476 0.3680297397769517
0 0.6949152542372882 0.258364312267658 0.09256844850065189 0.21933085501858737
0 0.8207301173402868 0.14312267657992564 0.048239895697522815 0.10780669144981413
0 0.848761408083442 0.34944237918215615 0.048239895697522815 0.1524163568773234
0 0.8820078226857888 0.12267657992565056 0.05736636245110821 0.15613382899628253
0 0.9517601043024772 0.08550185873605948 0.04041720990873533 0.10780669144981413
2 0.9211212516297262 0.362453531598513 0.09778357235984354 0.3159851301115242
2 0.7301173402868318 0.6691449814126395 0.1681877444589309 0.45724907063197023
2 0.46936114732724904 0.8085501858736059 0.2790091264667536 0.3828996282527881
2 0.6179921773142112 0.6338289962825279 0.11864406779661017 0.34572490706319703
1 0.6016949152542372 0.35687732342007433 0.08083441981747067 0.25650557620817843
0 0.242503259452412 0.5817843866171004 0.09908735332464146 0.21933085501858737
0 0.29465449804432853 0.5576208178438662 0.06258148631029987 0.17843866171003717
2 0.273142112125163 0.8605947955390335 0.16558018252933507 0.2788104089219331
2 0.08930899608865711 0.9386617100371747 0.13428943937418514 0.12267657992565056
0 0.054758800521512385 0.7286245353159851 0.09517601043024772 0.22304832713754646