2 0.14566666666666667 0.20204262877442272 0.14066666666666666 0.24422735346358793
0 0.47733333333333333 0.09280639431616342 0.06733333333333333 0.07282415630550622
0 0.3323333333333333 0.05950266429840142 0.07333333333333333 0.08792184724689166
0 0.85 0.23179396092362345 0.07133333333333333 0.0763765541740675
0 0.195 0.034191829484902306 0.094 0.06838365896980461
0 0.6166666666666667 0.38010657193605685 0.09866666666666667 0.17317939609236235
0 0.5836666666666667 0.1594138543516874 0.072 0.09325044404973357
3 0.56 0.3272646536412078 0.09666666666666666 0.21225577264653642
0 0.4826666666666667 0.2557726465364121 0.12666666666666668 0.17584369449378331
3 0.7966666666666666 0.6047957371225577 0.2673333333333333 0.477797513321492
3 0.828 0.36989342806394315 0.16066666666666668 0.15452930728241562
3 0.289 0.37788632326820604 0.2633333333333333 0.4129662522202487
3 0.298 0.2033747779751332 0.13733333333333334 0.15364120781527532