0 0.8463916666666667 0.4216 0.028016666666666665 0.0305875
0 0.6769666666666667 0.4561625 0.0262 0.035775
2 0.738375 0.7016 0.06133333333333333 0.1031875
0 0.4929 0.49792499999999995 0.025616666666666666 0.033162500000000004
0 0.7167166666666667 0.8725875000000001 0.04276666666666667 0.0684
0 0.08325 0.514875 0.031000000000000003 0.0539125
0 0.9064000000000001 0.5156499999999999 0.031308333333333334 0.036762500000000004
2 0.3087916666666667 0.87855 0.052491666666666666 0.1056625
0 0.398825 0.795175 0.040891666666666666 0.0376125
2 0.23934166666666665 0.5376625 0.04860833333333333 0.0603375
2 0.15101666666666666 0.3627625 0.0429 0.06496249999999999
2 0.671525 0.5437125 0.041808333333333336 0.10541249999999999
0 0.756775 0.6286625 0.028633333333333334 0.025125
0 0.6264166666666667 0.4401625 0.029466666666666665 0.045125
2 0.3862 0.8851875 0.0427 0.1098125
0 0.1888 0.287175 0.01855 0.023987500000000002
0 0.1692 0.241225 0.016325 0.022375
0 0.5511916666666666 0.41373750000000004 0.02238333333333333 0.0236125
0 0.18019166666666667 0.7752249999999999 0.030066666666666665 0.051050000000000005
3 0.5389583333333333 0.4698875 0.02521666666666667 0.062525
0 0.27236666666666665 0.4876625 0.031966666666666664 0.0316875
2 0.4468 0.5296125 0.0465 0.06480000000000001
2 0.5324083333333334 0.5576375 0.0537 0.0986125
2 0.04351666666666667 0.5513875 0.03518333333333333 0.08333750000000001
2 0.18518333333333334 0.340975 0.024075 0.0791625
2 0.875 0.609025 0.04259166666666667 0.1208375
2 0.8425916666666666 0.697225 0.03518333333333333 0.072225
0 0.497225 0.4007 0.02036666666666667 0.029162499999999997
0 0.475925 0.37638750000000004 0.022225 0.0361125
3 0.47407499999999997 0.4423625 0.03333333333333333 0.065275
0 0.28286666666666666 0.796525 0.03796666666666667 0.0513875
0 0.22685000000000002 0.31388750000000004 0.018516666666666667 0.022225
2 0.21157499999999999 0.3632 0.0213 0.0625
2 0.449075 0.4145875 0.029633333333333334 0.0625
0 0.6601833333333333 0.45347499999999996 0.022225 0.0486125
2 0.8296333333333333 0.4923625 0.027774999999999998 0.090275