3 0.30256410256410254 0.695 0.3162393162393162 0.61
0 0.9175213675213675 0.3175 0.041025641025641026 0.0775
0 0.41923076923076924 0.8975 0.05299145299145299 0.06
0 0.8337606837606838 0.35375 0.03247863247863248 0.0975
0 0.752991452991453 0.25 0.041025641025641026 0.105
0 0.7166666666666667 0.36875 0.04700854700854701 0.1025
0 0.4829059829059829 0.5675 0.05811965811965812 0.12
3 0.8611111111111112 0.5325 0.07521367521367521 0.2725
3 0.9111111111111111 0.50625 0.05641025641025641 0.255
3 0.7132478632478633 0.63875 0.08205128205128205 0.3575
3 0.7717948717948718 0.51875 0.05641025641025641 0.3175
3 0.49017094017094015 0.83 0.08632478632478632 0.34
0 0.015384615384615385 0.45375 0.03076923076923077 0.0975
3 0.02094017094017094 0.60875 0.04188034188034188 0.2075