0 0.1152 0.19132290184921763 0.188 0.1891891891891892
3 0.4548 0.566145092460882 0.1232 0.283072546230441
3 0.8724 0.7496443812233285 0.2552 0.4694167852062589
3 0.0972 0.7389758179231863 0.1864 0.5220483641536273
3 0.2968 0.5889046941678521 0.1328 0.31721194879089615
0 0.8624 0.24324324324324326 0.2136 0.23186344238975817
0 0.708 0.30938833570412516 0.0696 0.10241820768136557
0 0.6044 0.29089615931721197 0.0552 0.07681365576102418
0 0.468 0.33001422475106684 0.056 0.08961593172119488
0 0.2868 0.32432432432432434 0.0672 0.0953058321479374
3 0.7068 0.5739687055476529 0.1312 0.2844950213371266
2 0.5948 0.5590327169274538 0.0888 0.2844950213371266