1 0.17909859154929578 0.329704641350211 0.08340845070422535 0.16704641350210972
0 0.3694084507042253 0.23160337552742616 0.10171830985915493 0.10805907172995781
2 0.37746478873239436 0.5625738396624473 0.19495774647887323 0.3009704641350211
0 0.8065633802816901 0.2320675105485232 0.10515492957746478 0.10409282700421942
0 0.9704225352112676 0.33261603375527427 0.059154929577464786 0.0970464135021097
1 0.8314647887323944 0.1279746835443038 0.08543661971830985 0.1490717299578059
0 0.6385070422535211 0.07734177215189873 0.10140845070422536 0.10970464135021098
0 0.4507042253521127 0.10337552742616034 0.09202816901408452 0.09143459915611815
2 0.5755774647887324 0.5872151898734177 0.17276056338028167 0.28270042194092826
2 0.8107887323943661 0.5843881856540084 0.20938028169014083 0.34177215189873417
2 0.9596338028169015 0.619535864978903 0.08076056338028169 0.2489451476793249
2 0.674169014084507 0.38396624472573837 0.12394366197183099 0.289746835443038
2 0.46853521126760567 0.34527426160337554 0.12205633802816901 0.18143459915611815
2 0.19343661971830986 0.5949367088607594 0.16901408450704225 0.31223628691983124
2 0.05445070422535211 0.5745569620253164 0.10892957746478873 0.3136286919831224
0 0.20859154929577464 0.05434599156118144 0.10126760563380283 0.10687763713080169