3 0.2978034188034188 0.689675 0.3021965811965812 0.6206499999999999
0 0.9209145299145299 0.40259999999999996 0.039837606837606836 0.068975
0 0.4097777777777778 0.880275 0.05216239316239316 0.049574999999999994
0 0.8363846153846154 0.422325 0.030521367521367523 0.091075
0 0.7582393162393162 0.30177499999999996 0.03906837606837607 0.096425
0 0.7191709401709401 0.41340000000000005 0.04517948717948718 0.09465
0 0.4813760683760684 0.5634 0.05555555555555555 0.108925
3 0.8595811965811966 0.60625 0.0695982905982906 0.25892499999999996
3 0.909948717948718 0.590175 0.05067521367521367 0.24465
3 0.7094017094017094 0.68215 0.07447863247863248 0.34285
3 0.7707606837606837 0.5740999999999999 0.04945299145299145 0.308925
3 0.48259829059829057 0.8317749999999999 0.07875213675213676 0.33142499999999997
0 0.016179487179487178 0.354475 0.032358974358974356 0.091075
3 0.018923076923076924 0.510725 0.03785470085470086 0.2