0 0.5756513026052105 0.4271356783919598 0.03707414829659319 0.06030150753768844
0 0.5 0.4158291457286432 0.03707414829659319 0.05527638190954774
0 0.19739478957915832 0.23241206030150754 0.045090180360721446 0.0829145728643216
0 0.2655310621242485 0.2638190954773869 0.04308617234468938 0.07788944723618091
0 0.3251503006012024 0.32914572864321606 0.04408817635270541 0.07537688442211055
0 0.38527054108216435 0.34673366834170855 0.041082164328657314 0.07035175879396985
0 0.44188376753507014 0.4045226130653266 0.03807615230460922 0.07035175879396985
0 0.6452905811623246 0.4535175879396985 0.03907815631262525 0.07035175879396985
0 0.7074148296593187 0.4723618090452261 0.04008016032064128 0.0728643216080402
0 0.7750501002004008 0.4886934673366834 0.04609218436873747 0.08040201005025126
0 0.8451903807615231 0.5087939698492462 0.04609218436873747 0.07537688442211055
3 0.17234468937875752 0.42839195979899497 0.0811623246492986 0.2663316582914573
3 0.24448897795591182 0.47361809045226133 0.09018036072144289 0.2814070351758794
3 0.312124248496994 0.5201005025125628 0.07414829659318638 0.24874371859296482
3 0.37324649298597196 0.5439698492462312 0.0781563126252505 0.271356783919598
3 0.4313627254509018 0.5992462311557789 0.06412825651302605 0.24120603015075376
3 0.4954909819639279 0.6155778894472361 0.07114228456913828 0.2613065326633166
3 0.5601202404809619 0.6193467336683417 0.08016032064128256 0.2562814070351759
3 0.6297595190380761 0.657035175879397 0.07715430861723446 0.2562814070351759
3 0.7004008016032064 0.6545226130653267 0.07214428857715431 0.23115577889447236
3 0.7640280561122245 0.6959798994974874 0.07715430861723446 0.2537688442211055
3 0.8376753507014028 0.7336683417085427 0.0871743486973948 0.2889447236180904