3 0.14551282051282052 0.8807692307692307 0.07435897435897436 0.15576923076923077
3 0.43141025641025643 0.5846153846153846 0.09615384615384616 0.1346153846153846
3 0.5461538461538461 0.5144230769230769 0.1294871794871795 0.16923076923076924
0 0.39294871794871794 0.4653846153846154 0.06025641025641026 0.05576923076923077
0 0.16666666666666666 0.739423076923077 0.04358974358974359 0.04230769230769231
0 0.47628205128205126 0.38846153846153847 0.07307692307692308 0.09615384615384616
3 0.7525641025641026 0.3682692307692308 0.18333333333333332 0.3173076923076923
0 0.10128205128205128 0.6682692307692307 0.05512820512820513 0.06153846153846154
3 0.33782051282051284 0.6432692307692308 0.06666666666666667 0.14423076923076922
3 0.08012820512820513 0.8298076923076924 0.07692307692307693 0.17884615384615385
0 0.716025641025641 0.07884615384615384 0.10256410256410256 0.125