3 0.6541666666666667 0.47761194029850745 0.075 0.14427860696517414
0 0.6675 0.35572139303482586 0.041666666666666664 0.04477611940298507
0 0.7966666666666666 0.3656716417910448 0.045 0.05223880597014925
0 0.3275 0.13059701492537312 0.07833333333333334 0.0845771144278607
3 0.8916666666666667 0.599502487562189 0.043333333333333335 0.07462686567164178
0 0.2425 0.17537313432835822 0.065 0.07960199004975124
3 0.7841666666666667 0.5012437810945274 0.08666666666666667 0.16169154228855723
3 0.9683333333333334 0.6106965174129353 0.04 0.07462686567164178
0 0.8991666666666667 0.5373134328358209 0.021666666666666667 0.03233830845771144
0 0.9725 0.5522388059701493 0.018333333333333333 0.024875621890547265
0 0.5466666666666666 0.05845771144278607 0.08666666666666667 0.09701492537313433
3 0.5258333333333334 0.3308457711442786 0.15666666666666668 0.31343283582089554
0 0.47333333333333333 0.10696517412935323 0.08 0.08706467661691543
3 0.43333333333333335 0.35074626865671643 0.10833333333333334 0.26865671641791045
3 0.31666666666666665 0.3370646766169154 0.12666666666666668 0.22388059701492538
3 0.22333333333333333 0.3420398009950249 0.09333333333333334 0.20398009950248755
3 0.7025 0.5385572139303483 0.04666666666666667 0.09701492537313433
0 0.7091666666666666 0.4639303482587065 0.02666666666666667 0.04477611940298507