3 0.13296153846153846 0.8519615384615384 0.06929487179487179 0.15132692307692308
3 0.42844871794871797 0.5793653846153846 0.09173076923076923 0.12723076923076923
3 0.545397435897436 0.5184807692307692 0.12456410256410257 0.1588846153846154
0 0.39432051282051284 0.4570769230769231 0.059153846153846154 0.050826923076923075
0 0.15876923076923077 0.7132115384615385 0.04285897435897436 0.03840384615384615
0 0.4802564102564103 0.38723076923076927 0.07043589743589743 0.09144230769230768
3 0.7569230769230769 0.3878076923076923 0.17308974358974358 0.30323076923076925
0 0.09583333333333334 0.6367115384615384 0.052884615384615384 0.057423076923076924
3 0.3333333333333333 0.6305000000000001 0.06226923076923077 0.1401153846153846
3 0.06914102564102564 0.7960192307692308 0.07051282051282051 0.17444230769230767
0 0.7303076923076923 0.09615384615384616 0.0979871794871795 0.11813461538461538