0 0.8516666666666667 0.2128099173553719 0.05333333333333334 0.05371900826446281
0 0.7433333333333333 0.17148760330578514 0.04666666666666667 0.04132231404958678
0 0.3383333333333333 0.1590909090909091 0.09333333333333334 0.09504132231404959
0 0.23333333333333334 0.16942148760330578 0.09666666666666666 0.08264462809917356
0 0.505 0.15702479338842976 0.06333333333333334 0.06198347107438017
0 0.47833333333333333 0.23553719008264462 0.07 0.06611570247933884
0 0.405 0.2066115702479339 0.08 0.0743801652892562
0 0.5883333333333334 0.19008264462809918 0.056666666666666664 0.049586776859504134
0 0.67 0.18801652892561985 0.06 0.0743801652892562
0 0.7116666666666667 0.2231404958677686 0.05333333333333334 0.045454545454545456
0 0.7666666666666667 0.24793388429752067 0.05 0.05785123966942149
0 0.81 0.22727272727272727 0.05333333333333334 0.045454545454545456
0 0.6016666666666667 0.16115702479338842 0.06 0.06198347107438017
0 0.545 0.1756198347107438 0.04 0.05371900826446281
3 0.20833333333333334 0.4318181818181818 0.18666666666666668 0.3181818181818182
3 0.31833333333333336 0.378099173553719 0.16 0.2892561983471074
3 0.40166666666666667 0.40702479338842973 0.09333333333333334 0.2231404958677686
2 0.4633333333333333 0.41735537190082644 0.09333333333333334 0.19421487603305784
3 0.5283333333333333 0.32644628099173556 0.06333333333333334 0.15702479338842976
3 0.5766666666666667 0.36983471074380164 0.09333333333333334 0.2190082644628099
3 0.6383333333333333 0.32644628099173556 0.07666666666666666 0.17355371900826447
3 0.6966666666666667 0.38016528925619836 0.09666666666666666 0.19421487603305784
3 0.805 0.365702479338843 0.07333333333333333 0.1487603305785124
3 0.8483333333333334 0.33884297520661155 0.08 0.14049586776859505
3 0.7516666666666667 0.390495867768595 0.06333333333333334 0.17355371900826447