2 0.869 0.2353463587921847 0.13066666666666665 0.23623445825932504
0 0.8416666666666667 0.010213143872113677 0.043333333333333335 0.020426287744227355
0 0.544 0.09591474245115453 0.06533333333333333 0.06838365896980461
0 0.6903333333333334 0.0763765541740675 0.07066666666666667 0.08348134991119005
0 0.16466666666666666 0.19982238010657194 0.06866666666666667 0.0719360568383659
0 0.8286666666666667 0.052397868561278864 0.09133333333333334 0.0852575488454707
0 0.38966666666666666 0.369449378330373 0.09133333333333334 0.16873889875666073
0 0.43433333333333335 0.15230905861456484 0.06866666666666667 0.08880994671403197
3 0.449 0.3219360568383659 0.08666666666666667 0.20870337477797513
0 0.53 0.2579928952042629 0.12 0.16785079928952043
3 0.19833333333333333 0.5768206039076377 0.24733333333333332 0.4644760213143872
3 0.17966666666666667 0.3396980461811723 0.15666666666666668 0.14298401420959148
3 0.717 0.3978685612788632 0.24666666666666667 0.3978685612788632
3 0.717 0.22291296625222023 0.13266666666666665 0.1438721136767318