0 0.4272099087353325 0.24014869888475834 0.13839634941329856 0.28810408921933084
0 0.7087874837027379 0.3894795539033457 0.08178617992177314 0.17066914498141264
0 0.840638852672751 0.35821561338289964 0.042073011734028685 0.08449814126394052
0 0.8519035202086049 0.5762081784386617 0.038526727509778355 0.13178438661710037
0 0.9019817470664929 0.3768029739776952 0.048591916558018255 0.12843866171003718
0 0.9730899608865711 0.38609665427509293 0.03436766623207301 0.08955390334572491
2 0.9212385919165581 0.6353531598513011 0.07764015645371578 0.2737546468401487
2 0.7105606258148631 0.8126022304832714 0.14222946544980444 0.37479553903345725
2 0.44239895697522813 0.8345724907063197 0.26016949152542374 0.3308550185873606
2 0.6047718383311603 0.70546468401487 0.09897001303780964 0.2889591078066915
1 0.6107040417209909 0.4258364312267658 0.06577574967405476 0.2196654275092937
0 0.24268578878748367 0.4139776951672862 0.08830508474576272 0.16561338289962824
0 0.29512385919165585 0.4241263940520446 0.05215123859191656 0.14869888475836432
2 0.24357235984354628 0.8024535315985131 0.13748370273794003 0.3950557620817844
2 0.05392438070404172 0.8143122676579926 0.10786179921773142 0.37141263940520447
0 0.04800521512385919 0.4368029739776952 0.08297262059973924 0.17405204460966542