2 0.7966666666666666 0.4148264984227129 0.11166666666666666 0.22712933753943218
2 0.9258333333333333 0.4968454258675079 0.14833333333333334 0.3186119873817035
2 0.19166666666666668 0.3028391167192429 0.145 0.38485804416403785
1 0.8191666666666667 0.26813880126182965 0.056666666666666664 0.10410094637223975
1 0.935 0.2854889589905363 0.09166666666666666 0.15772870662460567
1 0.5566666666666666 0.11198738170347003 0.12 0.17034700315457413
2 0.6558333333333334 0.3107255520504732 0.08666666666666667 0.14826498422712933
1 0.24583333333333332 0.07728706624605679 0.10166666666666667 0.15457413249211358
2 0.5475 0.5583596214511041 0.25166666666666665 0.5930599369085173
2 0.32 0.17665615141955837 0.12 0.26813880126182965
1 0.32083333333333336 0.026813880126182965 0.055 0.05362776025236593
1 0.66 0.20504731861198738 0.055 0.10410094637223975