0 0.8458823529411764 0.05350877192982456 0.11529411764705882 0.10701754385964912
2 0.37470588235294117 0.4710526315789474 0.1635294117647059 0.23333333333333334
3 0.07176470588235294 0.5017543859649123 0.14352941176470588 0.30526315789473685
0 0.09235294117647058 0.2482456140350877 0.10941176470588235 0.11228070175438597
3 0.8964705882352941 0.3078947368421053 0.18941176470588236 0.34912280701754383
0 0.26 0.21578947368421053 0.10588235294117647 0.11754385964912281
3 0.22 0.4473684210526316 0.17529411764705882 0.3333333333333333
1 0.3711764705882353 0.3157894736842105 0.07529411764705882 0.14210526315789473
1 0.49058823529411766 0.4166666666666667 0.08 0.14210526315789473
2 0.5188235294117647 0.5175438596491229 0.17411764705882352 0.15263157894736842
0 0.5258823529411765 0.26842105263157895 0.08588235294117647 0.07894736842105263
0 0.6035294117647059 0.21842105263157896 0.06470588235294118 0.09473684210526316
3 0.5517647058823529 0.3894736842105263 0.08823529411764706 0.12456140350877193
3 0.6088235294117647 0.4052631578947368 0.07294117647058823 0.20526315789473684
2 0.7041176470588235 0.393859649122807 0.17176470588235293 0.3105263157894737
1 0.6594117647058824 0.17982456140350878 0.08 0.1456140350877193
0 0.79 0.06403508771929825 0.06941176470588235 0.11578947368421053
3 0.8023529411764706 0.30526315789473685 0.08705882352941176 0.24912280701754386