2 0.1294125 0.7541729323308272 0.25782499999999997 0.46964285714285714
0 0.343825 0.19499999999999998 0.1285625 0.1599248120300752
0 0.184975 0.3024812030075188 0.20198750000000001 0.1811278195488722
0 0.8775875000000001 0.15208646616541352 0.1119875 0.15834586466165412
0 0.0724125 0.16832706766917294 0.144825 0.1506390977443609
0 0.9328125 0.43272556390977446 0.134375 0.23088345864661655
0 0.6841875000000001 0.2988345864661654 0.1274625 0.14381578947368423
0 0.7274375000000001 0.05968045112781955 0.079125 0.08336466165413534
0 0.5272125 0.14426691729323307 0.1125375 0.16971804511278196
2 0.9214875 0.8361278195488722 0.1555 0.32627819548872183
2 0.66875 0.6607894736842106 0.1548125 0.3730451127819549
2 0.8427875 0.45257518796992485 0.13942500000000002 0.3875
2 0.3283625 0.5140225563909774 0.156725 0.3368984962406015
2 0.053849999999999995 0.4764285714285714 0.10577500000000001 0.30219924812030075
2 0.5344375 0.40612781954887217 0.16045 0.32656015037593983
3 0.88495 0.8202255639097744 0.22088750000000001 0.3494172932330827
0 0.4009625 0.17785714285714285 0.0653875 0.12146616541353385