3 0.41774193548387095 0.3466666666666667 0.1532258064516129 0.38
0 0.7975806451612903 0.29833333333333334 0.06935483870967742 0.14333333333333334
0 0.9709677419354839 0.3883333333333333 0.05806451612903226 0.13
0 0.6419354838709678 0.19666666666666666 0.07741935483870968 0.13333333333333333
0 0.43629032258064515 0.10666666666666667 0.07096774193548387 0.13
0 0.3362903225806452 0.055 0.07580645161290323 0.11
3 0.6048387096774194 0.43666666666666665 0.1596774193548387 0.39
3 0.7685483870967742 0.5516666666666666 0.1596774193548387 0.37666666666666665
3 0.9338709677419355 0.6466666666666666 0.13225806451612904 0.37333333333333335
3 0.29193548387096774 0.2833333333333333 0.14193548387096774 0.38
3 0.13629032258064516 0.17666666666666667 0.1629032258064516 0.35333333333333333