0 0.3942470389170897 0.17833333333333334 0.2521150592216582 0.19833333333333333
2 0.562605752961083 0.6433333333333333 0.4416243654822335 0.5716666666666667
0 0.07445008460236886 0.2891666666666667 0.14890016920473773 0.17833333333333334
0 0.8189509306260575 0.25666666666666665 0.049069373942470386 0.041666666666666664
2 0.8993231810490694 0.03916666666666667 0.0727580372250423 0.07833333333333334
0 0.916243654822335 0.2941666666666667 0.1319796954314721 0.15666666666666668
0 0.2546531302876481 0.255 0.14213197969543148 0.135
0 0.1988155668358714 0.31416666666666665 0.09644670050761421 0.115
0 0.7360406091370558 0.23166666666666666 0.14382402707275804 0.115
2 0.1353637901861252 0.6516666666666666 0.2707275803722504 0.4033333333333333
2 0.7732656514382402 0.4075 0.1895093062605753 0.12666666666666668