3 0.5683870967741935 0.5692307692307692 0.25161290322580643 0.46153846153846156
3 0.8916129032258064 0.3125 0.1367741935483871 0.2403846153846154
0 0.3464516129032258 0.4076923076923077 0.08645161290322581 0.10961538461538461
0 0.864516129032258 0.14711538461538462 0.08645161290322581 0.10192307692307692
0 0.2709677419354839 0.41346153846153844 0.06322580645161291 0.08461538461538462
0 0.5116129032258064 0.22403846153846155 0.12258064516129032 0.1596153846153846
0 0.14193548387096774 0.6663461538461538 0.09290322580645162 0.11346153846153846
3 0.21419354838709678 0.6028846153846154 0.13419354838709677 0.27692307692307694
3 0.3058064516129032 0.6 0.13419354838709677 0.24807692307692308
0 0.19548387096774195 0.41346153846153844 0.06709677419354838 0.08269230769230769
0 0.23483870967741935 0.42788461538461536 0.04129032258064516 0.06538461538461539
0 0.3735483870967742 0.38076923076923075 0.04645161290322581 0.07115384615384615
3 0.41419354838709677 0.5817307692307693 0.15225806451612903 0.2692307692307692
2 0.16709677419354838 0.8384615384615385 0.12129032258064516 0.23846153846153847