3 0.35526315789473684 0.592 0.11842105263157894 0.22
0 0.35 0.428 0.05263157894736842 0.06
0 0.48157894736842105 0.41 0.04473684210526316 0.06
0 0.45789473684210524 0.434 0.02894736842105263 0.052
0 0.5605263157894737 0.49 0.02894736842105263 0.032
0 0.5947368421052631 0.448 0.02894736842105263 0.048
0 0.6368421052631579 0.424 0.03684210526315789 0.052
0 0.6881578947368421 0.356 0.04736842105263158 0.064
3 0.7039473684210527 0.512 0.09736842105263158 0.216
3 0.6355263157894737 0.554 0.07631578947368421 0.184
3 0.5907894736842105 0.568 0.05 0.156
3 0.49605263157894736 0.584 0.10789473684210527 0.228
3 0.3078947368421053 0.644 0.07105263157894737 0.176
0 0.3 0.514 0.034210526315789476 0.052