3 0.6099290780141844 0.5574468085106383 0.09078014184397164 0.17872340425531916
0 0.2326241134751773 0.4978723404255319 0.03971631205673759 0.04042553191489362
0 0.6078014184397164 0.4148936170212766 0.06382978723404255 0.059574468085106386
0 0.8361702127659575 0.425531914893617 0.04680851063829787 0.05531914893617021
3 0.8617021276595744 0.55 0.09078014184397164 0.16808510638297872
0 0.6957446808510638 0.5148936170212766 0.03971631205673759 0.05531914893617021
0 0.06879432624113475 0.5319148936170213 0.024113475177304965 0.023404255319148935
3 0.7475177304964539 0.5638297872340425 0.08085106382978724 0.12340425531914893
3 0.4340425531914894 0.5468085106382978 0.08368794326241134 0.16382978723404254
3 0.25886524822695034 0.6031914893617021 0.05673758865248227 0.1276595744680851
3 0.07021276595744681 0.6063829787234043 0.04964539007092199 0.08936170212765958
0 0.39290780141843973 0.42021276595744683 0.04113475177304964 0.06808510638297872