0 0.1584375 0.4554166666666667 0.03375 0.03666666666666667
2 0.2840625 0.63125 0.063125 0.0825
2 0.1159375 0.38916666666666666 0.056875 0.08916666666666667
0 0.275 0.5729166666666666 0.0375 0.0425
0 0.1078125 0.3333333333333333 0.024375 0.0325
2 0.1796875 0.5070833333333333 0.051875 0.07916666666666666
0 0.1228125 0.29333333333333333 0.0275 0.03833333333333333
0 0.545 0.15583333333333332 0.02 0.024166666666666666
0 0.7121875 0.20833333333333334 0.02125 0.028333333333333332
0 0.7684375 0.22166666666666668 0.023125 0.028333333333333332
0 0.775625 0.2725 0.02125 0.0275
0 0.545625 0.6316666666666667 0.02375 0.029166666666666667
0 0.4309375 0.6104166666666667 0.030625 0.04833333333333333
0 0.2478125 0.5 0.029375 0.03666666666666667
0 0.23375 0.45958333333333334 0.025625 0.03666666666666667
0 0.3021875 0.53625 0.02625 0.0325
0 0.4978125 0.49083333333333334 0.02125 0.0275
0 0.0753125 0.2504166666666667 0.025 0.030833333333333334
3 0.7878125 0.30833333333333335 0.03375 0.05416666666666667
3 0.50875 0.5329166666666667 0.043125 0.065
3 0.4440625 0.6554166666666666 0.0575 0.06333333333333334
3 0.56375 0.6741666666666667 0.051875 0.07416666666666667
3 0.2465625 0.5479166666666667 0.035625 0.06333333333333334
3 0.4625 0.45666666666666667 0.03875 0.060833333333333336
3 0.40375 0.5025 0.0375 0.059166666666666666
3 0.780625 0.24708333333333332 0.02375 0.0425
0 0.0628125 0.22583333333333333 0.01875 0.024166666666666666