3 0.8352353780313837 0.3316831683168317 0.10271041369472182 0.24257425742574257
0 0.6718972895863052 0.2264851485148515 0.047075606276747506 0.05198019801980198
0 0.985021398002853 0.13366336633663367 0.029957203994293864 0.08415841584158416
2 0.6390870185449358 0.5272277227722773 0.11412268188302425 0.22524752475247525
0 0.4864479315263909 0.23886138613861385 0.05420827389443652 0.07178217821782178
0 0.44365192582025675 0.1844059405940594 0.05420827389443652 0.0891089108910891
0 0.5620542082738944 0.1485148514851485 0.034236804564907276 0.05693069306930693
0 0.5962910128388017 0.14232673267326731 0.03851640513552068 0.06435643564356436
0 0.7211126961483595 0.19306930693069307 0.039942938659058486 0.07920792079207921
0 0.797432239657632 0.1806930693069307 0.06276747503566334 0.10148514851485149
0 0.9343794579172611 0.20668316831683167 0.04850213980028531 0.07425742574257425
0 0.572753209700428 0.22277227722772278 0.034236804564907276 0.06683168316831684
0 0.6490727532097005 0.327970297029703 0.05420827389443652 0.0891089108910891
3 0.38088445078459343 0.3292079207920792 0.08416547788873038 0.2202970297029703
3 0.4450784593437946 0.4319306930693069 0.09985734664764621 0.26485148514851486
3 0.615549215406562 0.2599009900990099 0.05706134094151213 0.07673267326732673