3 0.703125 0.7108345534407028 0.2333984375 0.45095168374816985
0 0.68603515625 0.35212298682284043 0.1240234375 0.15519765739385066
3 0.43017578125 0.5790629575402635 0.1416015625 0.3440702781844802
0 0.07275390625 0.3184480234260615 0.07421875 0.07320644216691069
0 0.55078125 0.4019033674963397 0.041015625 0.0527086383601757
0 0.51513671875 0.4128843338213763 0.0322265625 0.036603221083455345
0 0.3447265625 0.3916544655929722 0.0302734375 0.0424597364568082
0 0.4375 0.287701317715959 0.1103515625 0.11859443631039532
0 0.84765625 0.45241581259150804 0.18359375 0.2796486090775988
3 0.869140625 0.7972181551976574 0.2421875 0.4055636896046852
0 0.5068359375 0.44875549048316254 0.0361328125 0.04978038067349927
0 0.38916015625 0.40995607613469986 0.017578125 0.024890190336749635
3 0.51611328125 0.5351390922401171 0.0673828125 0.11859443631039532
3 0.5458984375 0.4868228404099561 0.05859375 0.10395314787701318
3 0.2890625 0.45900439238653 0.0439453125 0.07906295754026355
3 0.3359375 0.4546120058565154 0.0361328125 0.06881405563689605
3 0.0576171875 0.43484626647144947 0.0869140625 0.13030746705710103