0 0.17651875 0.3465333333333333 0.029537499999999998 0.02811666666666667
2 0.2665625 0.5576249999999999 0.052193750000000004 0.06804166666666667
2 0.14730625 0.268675 0.044187500000000005 0.07696666666666667
0 0.2684375 0.4983166666666667 0.03239375 0.0331
0 0.1496 0.211875 0.01986875 0.026583333333333334
2 0.188025 0.4034666666666667 0.04088125 0.06826666666666667
0 0.17163125 0.17769166666666666 0.0224375 0.03169166666666667
0 0.60625 0.18055833333333332 0.01666875 0.019441666666666666
0 0.75885625 0.28541666666666665 0.01770625 0.023608333333333332
0 0.8109375 0.31666666666666665 0.019793750000000002 0.022225
0 0.80885625 0.3680583333333333 0.01770625 0.022225
0 0.5203125 0.6423583333333334 0.019793750000000002 0.023608333333333332
0 0.41301875000000005 0.5847249999999999 0.02395625 0.041666666666666664
0 0.25520624999999997 0.41875 0.025 0.029166666666666667
0 0.24895625 0.375 0.02083125 0.030558333333333333
0 0.3015625 0.471525 0.021875 0.026391666666666667
0 0.49948125 0.490275 0.01770625 0.022225
0 0.13333125 0.12083333333333333 0.02083125 0.025
3 0.8140625 0.40694166666666665 0.02604375 0.047225
3 0.5026062499999999 0.534725 0.034375 0.055558333333333335
3 0.41770625 0.6326416666666667 0.05 0.04860833333333333
3 0.53020625 0.6895833333333333 0.041668750000000004 0.0625
3 0.2453125 0.46458333333333335 0.02604375 0.05694166666666667
3 0.47135625 0.44583333333333336 0.03020625 0.052774999999999996
3 0.40625 0.471525 0.02916875 0.05139166666666667
3 0.8182312500000001 0.3451416666666667 0.01770625 0.0375
0 0.12551875 0.09305833333333334 0.015625 0.019441666666666666