0 0.4090909090909091 0.4390909090909091 0.07272727272727272 0.15272727272727274
0 0.06363636363636363 0.8027272727272727 0.03909090909090909 0.03636363636363636
3 0.42863636363636365 0.610909090909091 0.12636363636363637 0.21272727272727274
0 0.135 0.35363636363636364 0.1 0.1290909090909091
0 0.12363636363636364 0.14636363636363636 0.04363636363636364 0.09272727272727273
0 0.04727272727272727 0.08363636363636363 0.09454545454545454 0.08
0 0.35363636363636364 0.1781818181818182 0.05545454545454546 0.13818181818181818
0 0.2581818181818182 0.07 0.07090909090909091 0.09272727272727273
0 0.205 0.11818181818181818 0.053636363636363635 0.09818181818181818
0 0.4481818181818182 0.15818181818181817 0.05545454545454546 0.08181818181818182
0 0.39136363636363636 0.17727272727272728 0.038181818181818185 0.06545454545454546
0 0.48454545454545456 0.1918181818181818 0.031818181818181815 0.05818181818181818
0 0.5331818181818182 0.12727272727272726 0.04727272727272727 0.07454545454545454
0 0.6381818181818182 0.038181818181818185 0.04909090909090909 0.07636363636363637
0 0.59 0.3663636363636364 0.023636363636363636 0.038181818181818185
0 0.7459090909090909 0.13727272727272727 0.04454545454545455 0.07090909090909091
0 0.8336363636363636 0.14454545454545453 0.046363636363636364 0.06363636363636363
0 0.8972727272727272 0.10363636363636364 0.05818181818181818 0.08545454545454545
3 0.29545454545454547 0.38545454545454544 0.09636363636363636 0.26181818181818184
3 0.22863636363636364 0.30454545454545456 0.06909090909090909 0.2781818181818182
3 0.1431818181818182 0.5972727272727273 0.10636363636363637 0.22181818181818183
3 0.045 0.5018181818181818 0.09 0.4581818181818182
3 0.13090909090909092 0.2672727272727273 0.06818181818181818 0.06909090909090909
3 0.46045454545454545 0.37545454545454543 0.08272727272727273 0.24727272727272728
3 0.375 0.33181818181818185 0.05454545454545454 0.12
3 0.545 0.3390909090909091 0.0809090909090909 0.22
3 0.5936363636363636 0.47909090909090907 0.05272727272727273 0.12727272727272726
3 0.6572727272727272 0.26545454545454544 0.09090909090909091 0.2545454545454545
3 0.75 0.3481818181818182 0.07727272727272727 0.22727272727272727
3 0.8431818181818181 0.3481818181818182 0.07272727272727272 0.22727272727272727
3 0.9195454545454546 0.2963636363636364 0.09 0.22727272727272727