3 0.6058723404255318 0.572 0.0812340425531915 0.16880851063829788
0 0.2337446808510638 0.46312765957446805 0.03801418439716312 0.035851063829787234
0 0.6125957446808511 0.4289361702127659 0.06097872340425532 0.05276595744680851
0 0.839517730496454 0.4696808510638298 0.0445531914893617 0.04870212765957447
3 0.8573900709219858 0.597276595744681 0.08121985815602836 0.15848936170212766
0 0.6939716312056737 0.5399787234042553 0.03653900709219858 0.05095744680851064
0 0.06890780141843972 0.4758723404255319 0.022865248226950356 0.020446808510638296
3 0.7427943262411347 0.5957446808510638 0.07470921985815603 0.11346808510638297
3 0.43120567375886526 0.5382978723404256 0.07564539007092198 0.15461702127659574
3 0.25343262411347517 0.5716382978723404 0.04917730496453901 0.12197872340425532
3 0.06571631205673759 0.5496382978723404 0.04443971631205673 0.08368085106382979
0 0.39763120567375887 0.40638297872340423 0.03687943262411347 0.06382978723404255