3 0.4852916666666667 0.5015555555555555 0.11357291666666666 0.22466666666666665
3 0.8710416666666667 0.4823703703703704 0.11470833333333334 0.22255555555555556
0 0.8733541666666667 0.2752777777777778 0.062468749999999997 0.07844444444444444
0 0.6768020833333334 0.25122222222222224 0.061385416666666665 0.0875
0 0.50096875 0.28631481481481486 0.06116666666666667 0.08185185185185186
0 0.6003333333333334 0.28305555555555556 0.07657291666666667 0.08638888888888889
0 0.4438958333333333 0.20994444444444446 0.06615625 0.08066666666666666
0 0.34488541666666667 0.28103703703703703 0.06395833333333333 0.09205555555555556
3 0.6996145833333334 0.4208148148148148 0.08711458333333333 0.2104074074074074
3 0.6165833333333333 0.49429629629629634 0.10657291666666667 0.23931481481481479
3 0.34255208333333337 0.47862962962962957 0.09535416666666667 0.1965740740740741
3 0.4298854166666667 0.4074074074074074 0.08413541666666666 0.18803703703703706
2 0.9699479166666667 0.5683703703703704 0.060093749999999994 0.3190925925925926
1 0.9783645833333333 0.3447222222222222 0.043270833333333335 0.09687037037037037