0 0.6366666666666667 0.139375 0.215 0.2425
2 0.16541666666666666 0.3325 0.18333333333333332 0.345
0 0.3575 0.105 0.10166666666666667 0.115
2 0.4716666666666667 0.685 0.2625 0.63
0 0.46958333333333335 0.06875 0.12416666666666666 0.13125
0 0.2025 0.0525 0.095 0.105
0 0.7695833333333333 0.219375 0.07916666666666666 0.09375
0 0.12166666666666667 0.05875 0.050833333333333335 0.06375
0 0.30291666666666667 0.0875 0.06333333333333334 0.0925
0 0.24041666666666667 0.134375 0.05416666666666667 0.06
0 0.15625 0.1125 0.05 0.07
2 0.26416666666666666 0.395625 0.14916666666666667 0.35
2 0.35041666666666665 0.435625 0.13583333333333333 0.40875