0 0.85 0.47625 0.03 0.035
0 0.6791666666666667 0.484375 0.028333333333333332 0.04
2 0.7229166666666667 0.738125 0.06833333333333333 0.1125
0 0.49291666666666667 0.496875 0.0275 0.0375
0 0.6895833333333333 0.904375 0.0475 0.075
0 0.08458333333333333 0.449375 0.035 0.05875
0 0.9029166666666667 0.579375 0.03333333333333333 0.04125
2 0.2833333333333333 0.84625 0.059166666666666666 0.11375
0 0.37875 0.7775 0.043333333333333335 0.04375
2 0.23833333333333334 0.496875 0.0525 0.0675
2 0.1625 0.30875 0.0475 0.07125
2 0.6675 0.570625 0.049166666666666664 0.11125
0 0.74625 0.668125 0.03 0.03
0 0.63 0.46 0.0325 0.05
2 0.36 0.865 0.05 0.11625
0 0.20541666666666666 0.239375 0.02 0.02625
0 0.18916666666666668 0.190625 0.0175 0.025
0 0.5570833333333334 0.4225 0.024166666666666666 0.0275
0 0.16291666666666665 0.72375 0.03333333333333333 0.055
3 0.5408333333333334 0.47625 0.029166666666666667 0.06625
0 0.27458333333333335 0.451875 0.034166666666666665 0.03625
2 0.445 0.52125 0.050833333333333335 0.07125
2 0.5283333333333333 0.5625 0.06 0.10625
2 0.0425 0.479375 0.04083333333333333 0.08875
2 0.19791666666666666 0.2925 0.029166666666666667 0.0825
2 0.8654166666666666 0.6675 0.050833333333333335 0.12625
2 0.8270833333333333 0.75 0.04 0.0775
0 0.5041666666666667 0.400625 0.0225 0.0325
0 0.4845833333333333 0.373125 0.025 0.04
3 0.47833333333333333 0.43875 0.0375 0.07
0 0.2633333333333333 0.760625 0.041666666666666664 0.0575
0 0.24125 0.271875 0.02 0.025
2 0.2225 0.31875 0.025833333333333333 0.065
2 0.4554166666666667 0.406875 0.034166666666666665 0.06625
0 0.6625 0.47875 0.025833333333333333 0.05125
2 0.8283333333333334 0.544375 0.034166666666666665 0.09375