3 0.3460526315789474 0.546 0.11052631578947368 0.212
0 0.3631578947368421 0.382 0.05 0.056
0 0.49473684210526314 0.406 0.042105263157894736 0.056
0 0.46710526315789475 0.422 0.02631578947368421 0.048
0 0.5605263157894737 0.51 0.02631578947368421 0.032
0 0.6 0.48 0.02631578947368421 0.048
0 0.6434210526315789 0.47 0.03684210526315789 0.048
0 0.7039473684210527 0.42 0.04473684210526316 0.06
3 0.6973684210526315 0.578 0.08947368421052632 0.208
3 0.625 0.596 0.06842105263157895 0.18
3 0.5802631578947368 0.594 0.042105263157894736 0.152
3 0.4842105263157895 0.582 0.1 0.22
3 0.29210526315789476 0.58 0.06578947368421052 0.172
0 0.3026315789473684 0.45 0.031578947368421054 0.048