0 0.9052734375 0.26481481481481484 0.189453125 0.37777777777777777
0 0.36474609375 0.37962962962962965 0.0927734375 0.10740740740740741
0 0.5791015625 0.7777777777777778 0.05859375 0.10740740740740741
0 0.248046875 0.737037037037037 0.16015625 0.3814814814814815
0 0.080078125 0.7046296296296296 0.16015625 0.30185185185185187
0 0.5888671875 0.24537037037037038 0.169921875 0.4648148148148148
2 0.74462890625 0.7111111111111111 0.2978515625 0.5777777777777777
1 0.73291015625 0.26666666666666666 0.1318359375 0.337037037037037
1 0.2607421875 0.38333333333333336 0.0625 0.15925925925925927
1 0.4130859375 0.3398148148148148 0.0537109375 0.12777777777777777
1 0.478515625 0.3685185185185185 0.0234375 0.14444444444444443
1 0.1767578125 0.41203703703703703 0.1064453125 0.27037037037037037
1 0.0546875 0.43796296296296294 0.078125 0.1648148148148148
1 0.11376953125 0.4740740740740741 0.0302734375 0.08518518518518518