3 0.31367521367521367 0.705 0.3367521367521368 0.59
0 0.9068376068376068 0.17 0.04358974358974359 0.09
0 0.43632478632478633 0.92375 0.0547008547008547 0.0775
0 0.8252136752136752 0.23625 0.035897435897435895 0.1075
0 0.7405982905982906 0.16125 0.044444444444444446 0.1175
0 0.7094017094017094 0.2925 0.05042735042735043 0.1175
0 0.4858974358974359 0.5725 0.06153846153846154 0.1375
3 0.8598290598290599 0.40375 0.08547008547008547 0.2925
3 0.9081196581196581 0.36 0.06581196581196581 0.2675
3 0.7175213675213675 0.5625 0.09572649572649573 0.3775
3 0.7705128205128206 0.42125 0.06837606837606838 0.33
3 0.5042735042735043 0.825 0.09914529914529914 0.35
0 0.017094017094017096 0.62625 0.03418803418803419 0.1075
3 0.02863247863247863 0.77875 0.05042735042735043 0.2175