2 0.10682 0.30657193605683836 0.10894666666666666 0.21844582593250444
0 0.10962666666666666 0.06942273534635879 0.040286666666666665 0.03106571936056838
0 0.41411333333333333 0.10780639431616341 0.05996 0.05739786856127886
0 0.26713333333333333 0.11574600355239788 0.06352000000000001 0.07231793960923624
0 0.8005933333333334 0.14079928952042628 0.06308666666666667 0.060488454706927174
0 0.12761333333333333 0.11760213143872113 0.08463333333333334 0.07021314387211368
0 0.5955199999999999 0.35047069271758435 0.0759 0.15581705150976907
0 0.5286066666666667 0.14373889875666074 0.06138 0.0777797513321492
3 0.5318733333333333 0.3143694493783304 0.06686 0.19844582593250443
0 0.445 0.26569271758436946 0.10555333333333335 0.14949378330373003
3 0.8066666666666666 0.5202753108348135 0.20444666666666667 0.43072824156305506
3 0.8005533333333333 0.28197158081705154 0.14555333333333334 0.11693605683836589
3 0.27444666666666667 0.4388721136767318 0.21111333333333335 0.3626376554174067
3 0.25611333333333336 0.26569271758436946 0.12111333333333332 0.12285079928952043