3 0.3487368421052632 0.56128 0.10063157894736843 0.20236
0 0.35797368421052633 0.39724 0.04810526315789474 0.049640000000000004
0 0.4904736842105263 0.4076 0.040842105263157895 0.05104
0 0.4641578947368421 0.42484 0.0245 0.046880000000000005
0 0.5612631578947368 0.50344 0.02631578947368421 0.027600000000000003
0 0.5989210526315789 0.46896 0.02542105263157895 0.04412
0 0.6420263157894737 0.45448 0.033578947368421055 0.045520000000000005
0 0.6991842105263157 0.39792 0.04265789473684211 0.05656
3 0.701 0.55588 0.08076315789473684 0.20136
3 0.6288684210526315 0.58276 0.06171052631578947 0.1724
3 0.5839473684210527 0.5862 0.035394736842105264 0.14896
3 0.4882105263157895 0.58276 0.09073684210526314 0.21104
3 0.29628947368421055 0.60136 0.0571578947368421 0.16552
0 0.30126315789473684 0.47104 0.030842105263157896 0.045520000000000005