0 0.5736472945891784 0.41457286432160806 0.036072144288577156 0.05527638190954774
0 0.49749498997995995 0.4158291457286432 0.036072144288577156 0.05025125628140704
0 0.1908817635270541 0.2851758793969849 0.04408817635270541 0.07537688442211055
0 0.2595190380761523 0.30527638190954776 0.04208416833667335 0.0728643216080402
0 0.32064128256513025 0.36055276381909546 0.04308617234468938 0.07035175879396985
0 0.3812625250501002 0.36683417085427134 0.04008016032064128 0.06532663316582915
0 0.4393787575150301 0.41457286432160806 0.03707414829659319 0.06532663316582915
0 0.6437875751503006 0.42839195979899497 0.03807615230460922 0.06281407035175879
0 0.7064128256513026 0.435929648241206 0.03907815631262525 0.0678391959798995
0 0.7740480961923848 0.4396984924623116 0.04408817635270541 0.0728643216080402
0 0.844689378757515 0.4484924623115578 0.04408817635270541 0.0678391959798995
3 0.1713426853707415 0.4861809045226131 0.07515030060120241 0.2562814070351759
3 0.2439879759519038 0.5188442211055276 0.08316633266533066 0.271356783919598
3 0.31312625250501 0.5527638190954773 0.06813627254509018 0.24120603015075376
3 0.374749498997996 0.5665829145728644 0.07214428857715431 0.2638190954773869
3 0.4343687374749499 0.6118090452261307 0.05811623246492986 0.23366834170854273
3 0.498496993987976 0.6155778894472361 0.06513026052104208 0.25125628140703515
3 0.56312625250501 0.6092964824120602 0.07414829659318638 0.24623115577889448
3 0.6337675350701403 0.6331658291457286 0.07114228456913828 0.24874371859296482
3 0.7044088176352705 0.6180904522613065 0.06713426853707415 0.22110552763819097
3 0.7690380761523046 0.6494974874371859 0.07114228456913828 0.24371859296482412
3 0.843687374749499 0.6746231155778895 0.08016032064128256 0.27889447236180903