3 0.282375 0.8878 0.2705625 0.22440000000000002
0 0.34275 0.40765 0.14384375 0.22695
0 0.79471875 0.4021 0.1310625 0.22640000000000002
0 0.68359375 0.2403 0.10678125000000001 0.16945
0 0.5316875 0.43055 0.1466875 0.21664999999999998
0 0.46396875 0.1396 0.07553125000000001 0.1514
0 0.5299375000000001 0.12985 0.063375 0.10695
0 0.201375 0.0861 0.078125 0.10835
0 0.32725 0.2389 0.06425 0.09445
3 0.811625 0.8371 0.234375 0.31585
3 0.55078125 0.8614 0.20746875 0.2672
3 0.66971875 0.5791499999999999 0.12065624999999999 0.31945
3 0.444875 0.5 0.07378124999999999 0.39165
3 0.19009375 0.44655 0.10590625000000001 0.4097