0 0.576171875 0.5787401574803149 0.162109375 0.234251968503937
2 0.904296875 0.9773622047244095 0.083984375 0.045275590551181105
0 0.34228515625 0.23031496062992127 0.1181640625 0.18503937007874016
0 0.94287109375 0.5501968503937008 0.1142578125 0.43503937007874016
0 0.86572265625 0.4734251968503937 0.1220703125 0.3779527559055118
0 0.7890625 0.4202755905511811 0.11328125 0.3641732283464567
0 0.923828125 0.8789370078740157 0.0400390625 0.07086614173228346
2 0.623046875 0.9429133858267716 0.15625 0.1141732283464567
2 0.375 0.8149606299212598 0.06640625 0.1673228346456693
2 0.30029296875 0.8031496062992126 0.0537109375 0.13976377952755906
2 0.259765625 0.7627952755905512 0.046875 0.15551181102362205
2 0.22021484375 0.7913385826771654 0.03515625 0.09448818897637795
2 0.34033203125 0.7263779527559056 0.044921875 0.06692913385826772
1 0.34326171875 0.6624015748031497 0.0185546875 0.05905511811023622
1 0.37841796875 0.7017716535433071 0.0302734375 0.07874015748031496
1 0.26708984375 0.6584645669291339 0.0234375 0.0610236220472441
1 0.29541015625 0.702755905511811 0.0244140625 0.05905511811023622
1 0.21826171875 0.656496062992126 0.01953125 0.05905511811023622
1 0.22705078125 0.719488188976378 0.0244140625 0.05511811023622047
0 0.31787109375 0.6683070866141733 0.01953125 0.03740157480314961
0 0.4130859375 0.6692913385826772 0.01953125 0.03740157480314961
1 0.0673828125 0.12598425196850394 0.021484375 0.04330708661417323
1 0.1015625 0.16043307086614172 0.01953125 0.04330708661417323
1 0.0224609375 0.12893700787401574 0.021484375 0.047244094488188976
1 0.13623046875 0.8464566929133859 0.0712890625 0.16141732283464566
2 0.3408203125 0.49606299212598426 0.1376953125 0.13582677165354332