2 0.7658333333333334 0.23659305993690852 0.105 0.21451104100946372
2 0.9041666666666667 0.2334384858044164 0.14166666666666666 0.3028391167192429
2 0.175 0.5031545741324921 0.13 0.3722397476340694
1 0.7625 0.08517350157728706 0.05333333333333334 0.09779179810725552
1 0.8741666666666666 0.050473186119873815 0.08833333333333333 0.10094637223974763
1 0.4866666666666667 0.09779179810725552 0.115 0.15457413249211358
2 0.6141666666666666 0.22555205047318613 0.08166666666666667 0.138801261829653
1 0.185 0.2476340694006309 0.09666666666666666 0.1640378548895899
2 0.555 0.5252365930599369 0.23 0.5709779179810726
2 0.27416666666666667 0.30441640378548895 0.11 0.2555205047318612
1 0.24333333333333335 0.13249211356466878 0.05 0.1167192429022082
1 0.0875 0.19085173501577288 0.04666666666666667 0.11041009463722397
1 0.6008333333333333 0.12145110410094637 0.051666666666666666 0.09779179810725552