1 0.8352112676056338 0.41561181434599154 0.10140845070422536 0.18565400843881857
0 0.6591549295774648 0.270042194092827 0.11267605633802817 0.1308016877637131
2 0.6140845070422535 0.5928270042194093 0.22816901408450704 0.3459915611814346
0 0.2295774647887324 0.15611814345991562 0.11549295774647887 0.1308016877637131
0 0.056338028169014086 0.21308016877637131 0.07042253521126761 0.10970464135021098
1 0.21690140845070421 0.06540084388185655 0.10140845070422536 0.1308016877637131
0 0.4112676056338028 0.056962025316455694 0.11267605633802817 0.11392405063291139
0 0.5943661971830986 0.12236286919831224 0.10140845070422536 0.11392405063291139
2 0.4154929577464789 0.5654008438818565 0.2028169014084507 0.32489451476793246
2 0.18450704225352113 0.5021097046413502 0.24507042253521127 0.3924050632911392
2 0.04225352112676056 0.4957805907172996 0.08450704225352113 0.26582278481012656
2 0.34225352112676055 0.339662447257384 0.15492957746478872 0.31645569620253167
2 0.5492957746478874 0.35654008438818563 0.14084507042253522 0.2109704641350211
2 0.7915492957746478 0.6729957805907173 0.2028169014084507 0.350210970464135
2 0.928169014084507 0.6877637130801688 0.14366197183098592 0.33755274261603374
0 0.8380281690140845 0.1371308016877637 0.11267605633802817 0.1308016877637131