0 0.44916666666666666 0.10375 0.21 0.2075
2 0.8525 0.505 0.17416666666666666 0.33625
0 0.7204166666666667 0.19625 0.09916666666666667 0.10875
2 0.4866666666666667 0.68875 0.24333333333333335 0.62
0 0.6220833333333333 0.106875 0.12166666666666667 0.12375
0 0.8783333333333333 0.221875 0.0925 0.1
0 0.30625 0.103125 0.07666666666666666 0.08875
0 0.95375 0.2675 0.049166666666666664 0.06
0 0.7758333333333334 0.20625 0.06166666666666667 0.08875
0 0.825 0.28125 0.05333333333333334 0.0575
0 0.9091666666666667 0.30125 0.04833333333333333 0.06625
2 0.7458333333333333 0.516875 0.13916666666666666 0.345
2 0.6554166666666666 0.5125 0.12333333333333334 0.405