3 0.3900709219858156 0.5574468085106383 0.09078014184397164 0.17872340425531916
0 0.7673758865248227 0.4978723404255319 0.03971631205673759 0.04042553191489362
0 0.3921985815602837 0.4148936170212766 0.06382978723404255 0.059574468085106386
0 0.16382978723404254 0.425531914893617 0.04680851063829787 0.05531914893617021
3 0.13829787234042554 0.55 0.09078014184397164 0.16808510638297872
0 0.30425531914893617 0.5148936170212766 0.03971631205673759 0.05531914893617021
0 0.9312056737588652 0.5319148936170213 0.024113475177304965 0.023404255319148935
3 0.2524822695035461 0.5638297872340425 0.08085106382978724 0.12340425531914893
3 0.5659574468085107 0.5468085106382978 0.08368794326241134 0.16382978723404254
3 0.7411347517730497 0.6031914893617021 0.05673758865248227 0.1276595744680851
3 0.9297872340425531 0.6063829787234043 0.04964539007092199 0.08936170212765958
0 0.6070921985815603 0.42021276595744683 0.04113475177304964 0.06808510638297872