0 0.15083333333333335 0.540625 0.03166666666666667 0.03875
0 0.32083333333333336 0.516875 0.030833333333333334 0.04375
2 0.29791666666666666 0.776875 0.075 0.12125
0 0.5066666666666667 0.495625 0.03 0.04125
0 0.34458333333333335 0.93625 0.051666666666666666 0.08125
0 0.9083333333333333 0.37375 0.03833333333333333 0.0625
0 0.10625 0.6525 0.035833333333333335 0.04625
2 0.7429166666666667 0.804375 0.06666666666666667 0.12125
0 0.6429166666666667 0.75375 0.04583333333333333 0.05
2 0.7595833333333334 0.44875 0.056666666666666664 0.075
2 0.8195833333333333 0.24875 0.051666666666666666 0.0775
2 0.33958333333333335 0.600625 0.056666666666666664 0.11625
0 0.26916666666666667 0.711875 0.03166666666666667 0.03375
0 0.36791666666666667 0.484375 0.035833333333333335 0.05375
2 0.66875 0.836875 0.058333333333333334 0.12125
0 0.77125 0.1875 0.021666666666666667 0.03
0 0.7833333333333333 0.13625 0.019166666666666665 0.0275
0 0.4370833333333333 0.433125 0.025 0.03
0 0.8529166666666667 0.66 0.03666666666666667 0.06
3 0.4575 0.48375 0.034166666666666665 0.07
0 0.72 0.41125 0.035833333333333335 0.04125
2 0.55625 0.510625 0.055 0.07875
2 0.47708333333333336 0.566875 0.0675 0.11375
2 0.9525 0.39625 0.04666666666666667 0.0925
2 0.7829166666666667 0.23875 0.035 0.085
2 0.15083333333333335 0.7325 0.06 0.1325
2 0.19583333333333333 0.8075 0.045 0.0825
0 0.48791666666666667 0.4025 0.024166666666666666 0.035
0 0.505 0.37125 0.02666666666666667 0.0425
3 0.5166666666666667 0.435 0.0425 0.075
0 0.7558333333333334 0.715625 0.045 0.0625
0 0.7383333333333333 0.22625 0.021666666666666667 0.0275
2 0.7604166666666666 0.269375 0.03 0.0675
2 0.5366666666666666 0.399375 0.03833333333333333 0.07125
0 0.33708333333333335 0.50875 0.029166666666666667 0.055
2 0.1775 0.60375 0.04083333333333333 0.0975