3 0.8051282051282052 0.9403846153846154 0.08974358974358974 0.11923076923076924
3 0.5576923076923077 0.6019230769230769 0.10897435897435898 0.15576923076923077
3 0.4532051282051282 0.5028846153846154 0.14487179487179488 0.19615384615384615
0 0.6096153846153847 0.49423076923076925 0.06538461538461539 0.06923076923076923
0 0.8006410256410257 0.823076923076923 0.047435897435897434 0.051923076923076926
0 0.5358974358974359 0.3971153846153846 0.08205128205128205 0.11346153846153846
3 0.26666666666666666 0.3038461538461538 0.2141025641025641 0.35384615384615387
0 0.8730769230769231 0.7692307692307693 0.06025641025641026 0.07307692307692308
3 0.642948717948718 0.6836538461538462 0.08205128205128205 0.1576923076923077
3 0.8756410256410256 0.9182692307692307 0.09487179487179487 0.16346153846153846
0 0.33589743589743587 0.05096153846153846 0.11282051282051282 0.10192307692307692