3 0.71875 0.6727672035139092 0.203125 0.42313323572474376
0 0.6728515625 0.31991215226939973 0.1162109375 0.13616398243045388
3 0.43701171875 0.5907759882869692 0.1171875 0.3308931185944363
0 0.0615234375 0.39751098096632503 0.0712890625 0.06149341142020498
0 0.54248046875 0.3931185944363104 0.0380859375 0.04685212298682284
0 0.5078125 0.41142020497803805 0.0302734375 0.032210834553440704
0 0.33740234375 0.42093704245973645 0.02734375 0.03806734992679356
0 0.4208984375 0.3001464128843338 0.1044921875 0.10248901903367497
0 0.8408203125 0.38872620790629575 0.1669921875 0.2547584187408492
3 0.8955078125 0.7686676427525623 0.205078125 0.46266471449487556
0 0.50244140625 0.4480234260614934 0.033203125 0.043923865300146414
0 0.3828125 0.431185944363104 0.0166015625 0.021961932650073207
3 0.51904296875 0.5322108345534406 0.0595703125 0.11127379209370425
3 0.54443359375 0.4780380673499268 0.0517578125 0.09663250366032211
3 0.287109375 0.4978038067349927 0.0390625 0.07320644216691069
3 0.33349609375 0.48462664714494874 0.0322265625 0.06442166910688141
3 0.0556640625 0.5161054172767203 0.0791015625 0.11859443631039532