0 0.10588235294117647 0.1456140350877193 0.10941176470588235 0.10175438596491228
2 0.62 0.4394736842105263 0.15058823529411763 0.21228070175438596
3 0.9258823529411765 0.3894736842105263 0.13294117647058823 0.28771929824561404
0 0.8723529411764706 0.14649122807017545 0.10352941176470588 0.09649122807017543
3 0.08705882352941176 0.4131578947368421 0.16823529411764707 0.3280701754385965
0 0.7035294117647058 0.15789473684210525 0.1 0.10350877192982456
3 0.77 0.37543859649122807 0.15529411764705883 0.3140350877192982
1 0.6052941176470589 0.2850877192982456 0.06705882352941177 0.13333333333333333
1 0.49941176470588233 0.41578947368421054 0.07176470588235294 0.13333333333333333
2 0.4835294117647059 0.5228070175438596 0.16705882352941176 0.1280701754385965
0 0.4476470588235294 0.2789473684210526 0.08235294117647059 0.06842105263157895
0 0.3652941176470588 0.25 0.058823529411764705 0.08596491228070176
3 0.4364705882352941 0.4043859649122807 0.0811764705882353 0.11403508771929824
3 0.38176470588235295 0.4342105263157895 0.06 0.19824561403508772
2 0.28647058823529414 0.4482456140350877 0.15294117647058825 0.2912280701754386
1 0.3058823529411765 0.22543859649122808 0.07176470588235294 0.13508771929824562
0 0.1635294117647059 0.1456140350877193 0.06235294117647059 0.10877192982456141
3 0.17941176470588235 0.38596491228070173 0.07176470588235294 0.24035087719298245