3 0.15763195435092725 0.38242574257425743 0.11269614835948645 0.2524752475247525
0 0.3145506419400856 0.2537128712871287 0.04850213980028531 0.05693069306930693
0 0.007132667617689016 0.2079207920792079 0.014265335235378032 0.0891089108910891
2 0.3630527817403709 0.5470297029702971 0.12268188302425106 0.2400990099009901
0 0.5 0.2376237623762376 0.05706134094151213 0.07920792079207921
0 0.5406562054208274 0.1782178217821782 0.05706134094151213 0.09405940594059406
0 0.42082738944365194 0.15965346534653466 0.03566333808844508 0.06188118811881188
0 0.38659058487874465 0.15841584158415842 0.039942938659058486 0.06930693069306931
0 0.26462196861626247 0.22772277227722773 0.0442225392296719 0.08415841584158416
0 0.1875891583452211 0.22772277227722773 0.06704707560627675 0.10891089108910891
0 0.052781740370898715 0.27351485148514854 0.05135520684736091 0.08168316831683169
0 0.4136947218259629 0.23514851485148514 0.037089871611982884 0.06930693069306931
0 0.34308131241084167 0.3502475247524752 0.05848787446504993 0.09653465346534654
3 0.6105563480741797 0.3118811881188119 0.09415121255349501 0.22772277227722773
3 0.551355206847361 0.42326732673267325 0.11126961483594865 0.27722772277227725
3 0.3723252496433666 0.2784653465346535 0.05991440798858773 0.08663366336633663