1 0.711875 0.22391304347826088 0.0725 0.3347826086956522
1 0.813125 0.1891304347826087 0.07375 0.3782608695652174
0 0.904375 0.08478260869565217 0.09125 0.16956521739130434
0 0.948125 0.658695652173913 0.10375 0.5869565217391305
2 0.73625 0.7065217391304348 0.13875 0.5434782608695652
2 0.635625 0.7456521739130435 0.09625 0.48695652173913045
3 0.504375 0.75 0.22125 0.5
1 0.498125 0.2847826086956522 0.0825 0.4043478260869565
0 0.36875 0.19782608695652174 0.0875 0.24347826086956523
2 0.34625 0.7739130434782608 0.1175 0.45217391304347826
1 0.27 0.29130434782608694 0.07125 0.3565217391304348
1 0.1825 0.26304347826086955 0.085 0.3782608695652174
1 0.09625 0.23478260869565218 0.07 0.3565217391304348
3 0.151875 0.7391304347826086 0.11125 0.5217391304347826
3 0.055 0.7347826086956522 0.095 0.5304347826086957
0 0.615625 0.21739130434782608 0.0975 0.2608695652173913