3 0.310546875 0.3425655976676385 0.119140625 0.2055393586005831
0 0.310546875 0.15306122448979592 0.0791015625 0.08017492711370262
3 0.89794921875 0.5561224489795918 0.0458984375 0.07871720116618076
0 0.6611328125 0.3403790087463557 0.0419921875 0.04227405247813411
0 0.7900390625 0.336734693877551 0.044921875 0.04956268221574344
3 0.6572265625 0.45991253644314867 0.0791015625 0.14431486880466474
0 0.2255859375 0.19533527696793002 0.064453125 0.061224489795918366
3 0.5234375 0.32215743440233235 0.1357421875 0.2988338192419825
3 0.78662109375 0.4650145772594752 0.087890625 0.15014577259475217
3 0.4326171875 0.34839650145772594 0.107421875 0.2813411078717201
0 0.70654296875 0.44169096209912534 0.0283203125 0.04227405247813411
0 0.52587890625 0.0575801749271137 0.0908203125 0.10495626822157435
0 0.45458984375 0.10932944606413994 0.0751953125 0.08454810495626822
3 0.7060546875 0.5204081632653061 0.0439453125 0.08746355685131195
0 0.8974609375 0.4912536443148688 0.021484375 0.030612244897959183
0 0.9755859375 0.5021865889212828 0.0205078125 0.030612244897959183
3 0.97119140625 0.5597667638483965 0.0380859375 0.06997084548104957
3 0.220703125 0.36151603498542273 0.083984375 0.1924198250728863