0 0.49363425925925924 0.25308641975308643 0.16898148148148148 0.18724279835390947
0 0.6996527777777778 0.12962962962962962 0.29398148148148145 0.25308641975308643
0 0.11458333333333333 0.10082304526748971 0.2175925925925926 0.20164609053497942
3 0.7592592592592593 0.7561728395061729 0.47685185185185186 0.4876543209876543
3 0.09143518518518519 0.7057613168724279 0.18287037037037038 0.5390946502057613
0 0.29398148148148145 0.09979423868312758 0.1111111111111111 0.19958847736625515
0 0.24768518518518517 0.060699588477366256 0.06481481481481481 0.12139917695473251
0 0.2193287037037037 0.10185185185185185 0.0798611111111111 0.12962962962962962
3 0.4722222222222222 0.7222222222222222 0.19791666666666666 0.5370370370370371
3 0.33101851851851855 0.5082304526748971 0.16203703703703703 0.4732510288065844
3 0.2482638888888889 0.5329218106995884 0.07175925925925926 0.43004115226337447