0 0.41180833333333333 0.10710000000000001 0.194175 0.190925
2 0.84955 0.431425 0.14654166666666665 0.3091625
0 0.690125 0.1529625 0.091675 0.090375
2 0.5041583333333334 0.6894625000000001 0.19123333333333334 0.58605
0 0.5846083333333333 0.08505000000000001 0.11311666666666667 0.1006875
0 0.849025 0.1456875 0.08583333333333333 0.08234999999999999
0 0.27124166666666666 0.14758749999999998 0.07064166666666666 0.075125
0 0.9276500000000001 0.17536249999999998 0.04526666666666667 0.051262499999999996
0 0.7458333333333333 0.1513875 0.05463333333333333 0.077775
0 0.8013916666666666 0.215275 0.049075 0.047225
0 0.8865750000000001 0.21805 0.04351666666666667 0.0583375
2 0.7449083333333333 0.46527500000000005 0.11018333333333333 0.325
2 0.6550916666666666 0.47986249999999997 0.08796666666666667 0.39027500000000004