3 0.9184895833333333 0.7893518518518519 0.15052083333333333 0.4212962962962963
0 0.6544270833333333 0.1486111111111111 0.15625 0.2101851851851852
0 0.4942708333333333 0.27685185185185185 0.14270833333333333 0.2351851851851852
0 0.315625 0.14212962962962963 0.1484375 0.18333333333333332
0 0.9729166666666667 0.32407407407407407 0.05416666666666667 0.1537037037037037
3 0.6528645833333333 0.6953703703703704 0.2703125 0.6092592592592593
3 0.14479166666666668 0.4888888888888889 0.28958333333333336 0.6388888888888888
0 0.9390625 0.3287037037037037 0.1 0.16574074074074074
3 0.43359375 0.7263888888888889 0.25677083333333334 0.5472222222222223
1 0.18802083333333333 0.09768518518518518 0.12291666666666666 0.19537037037037036
0 0.121875 0.7763888888888889 0.16302083333333334 0.2953703703703704
3 0.82109375 0.7342592592592593 0.14427083333333332 0.5314814814814814