0 0.121672 0.16768136557610241 0.18498399999999998 0.17839260312944524
3 0.453504 0.5635135135135135 0.117752 0.2761877667140825
3 0.872 0.7728449502133712 0.256008 0.45429587482219064
3 0.093 0.7293741109530584 0.17576 0.5412517780938834
3 0.295352 0.5759317211948791 0.12646400000000002 0.3097439544807966
0 0.8672 0.26600284495021337 0.2096 0.21906116642958748
0 0.7116 0.32219061166429586 0.068 0.09815078236130868
0 0.6084 0.2972972972972973 0.0536 0.07396870554765292
0 0.4712 0.3278805120910384 0.0544 0.08677098150782361
0 0.2904 0.31152204836415365 0.0656 0.09103840682788052
3 0.7052 0.5867709815078236 0.1256 0.2773826458036984
2 0.5936 0.5647226173541963 0.0832 0.27880512091038406