2 0.8275 0.7969924812030075 0.3175 0.40601503759398494
0 0.695 0.25093984962406013 0.1475 0.19736842105263158
0 0.835625 0.4050751879699248 0.2225 0.24060150375939848
0 0.178125 0.06766917293233082 0.13125 0.13533834586466165
0 0.94125 0.3082706766917293 0.1175 0.19172932330827067
0 0.08625 0.29887218045112784 0.16375 0.2669172932330827
0 0.3475 0.24530075187969924 0.145 0.18045112781954886
0 0.338125 0.02537593984962406 0.08875 0.05075187969924812
0 0.5225 0.143796992481203 0.13375 0.20112781954887218
2 0.07 0.6973684210526315 0.14 0.3684210526315789
2 0.3125 0.6043233082706767 0.2025 0.41353383458646614
2 0.17125 0.3468045112781955 0.19 0.42293233082706766
2 0.66625 0.5676691729323309 0.2 0.37781954887218044
2 0.933125 0.6156015037593985 0.13375 0.32894736842105265
2 0.479375 0.3975563909774436 0.2025 0.37030075187969924
3 0.105625 0.6926691729323309 0.21125 0.4116541353383459
0 0.64125 0.2161654135338346 0.08125 0.13909774436090225