3 0.6541666666666667 0.47388059701492535 0.07333333333333333 0.14427860696517414
0 0.6658333333333334 0.35074626865671643 0.041666666666666664 0.04228855721393035
0 0.7958333333333333 0.35696517412935325 0.045 0.05223880597014925
0 0.3233333333333333 0.13557213930348258 0.07666666666666666 0.08208955223880597
3 0.8925 0.5883084577114428 0.043333333333333335 0.07213930348258707
0 0.23833333333333334 0.1828358208955224 0.06333333333333334 0.07960199004975124
3 0.7841666666666667 0.4937810945273632 0.085 0.16169154228855723
3 0.9691666666666666 0.5982587064676617 0.04 0.07462686567164178
0 0.8991666666666667 0.527363184079602 0.021666666666666667 0.03233830845771144
0 0.9733333333333334 0.5398009950248757 0.018333333333333333 0.024875621890547265
0 0.5416666666666666 0.05721393034825871 0.08666666666666667 0.09701492537313433
3 0.5241666666666667 0.3308457711442786 0.15333333333333332 0.31094527363184077
0 0.4683333333333333 0.10696517412935323 0.07833333333333334 0.08706467661691543
3 0.43166666666666664 0.35199004975124376 0.105 0.26616915422885573
3 0.315 0.3420398009950249 0.125 0.22139303482587064
3 0.22166666666666668 0.34950248756218905 0.09166666666666666 0.20398009950248755
3 0.7033333333333334 0.5335820895522388 0.045 0.09701492537313433
0 0.7091666666666666 0.4577114427860697 0.02666666666666667 0.04477611940298507