2 0.13 0.6419172932330827 0.26 0.5357142857142857
0 0.385625 0.15601503759398497 0.14625 0.19360902255639098
0 0.215625 0.2161654135338346 0.22125 0.2349624060150376
0 0.915 0.2669172932330827 0.13 0.18796992481203006
0 0.121875 0.07330827067669173 0.16125 0.14661654135338345
0 0.92625 0.5573308270676691 0.1475 0.2650375939849624
0 0.70625 0.35526315789473684 0.14375 0.17857142857142858
0 0.779375 0.13345864661654136 0.08875 0.10526315789473684
0 0.571875 0.1588345864661654 0.1325 0.19924812030075187
2 0.870625 0.8843984962406015 0.19375 0.231203007518797
2 0.645 0.7058270676691729 0.19875 0.40977443609022557
2 0.8425 0.5516917293233082 0.18625 0.42105263157894735
2 0.33 0.4642857142857143 0.19625 0.37593984962406013
2 0.068125 0.34774436090225563 0.13625 0.32706766917293234
2 0.545625 0.41729323308270677 0.19875 0.36654135338345867
3 0.836875 0.8609022556390977 0.26125 0.2781954887218045
0 0.44375 0.1550751879699248 0.08 0.13721804511278196