2 0.7807333333333333 0.3005678233438486 0.09313333333333333 0.1932807570977918
2 0.9186333333333333 0.32876971608832806 0.12486666666666667 0.27498422712933757
2 0.17688333333333334 0.42835962145110407 0.10875 0.3491167192429022
1 0.7870333333333334 0.1480757097791798 0.04765 0.08659305993690851
1 0.9023166666666667 0.11902208201892743 0.0799 0.13025236593059936
1 0.51255 0.09753943217665616 0.10735 0.13082018927444794
2 0.6314333333333334 0.2534384858044164 0.07416666666666667 0.12290220820189275
1 0.20341666666666666 0.17662460567823343 0.08745 0.14605678233438485
2 0.5525333333333333 0.5383280757097793 0.19783333333333333 0.5280441640378548
2 0.2884 0.25441640378548896 0.09565 0.23454258675078862
1 0.26883333333333337 0.07542586750788643 0.04348333333333333 0.10697160883280755
1 0.1105 0.09738170347003156 0.039850000000000003 0.1014826498422713
1 0.6242833333333333 0.14813880126182966 0.04565 0.08779179810725551