0 0.8466666666666667 0.2066115702479339 0.05333333333333334 0.05371900826446281
0 0.7383333333333333 0.16735537190082644 0.04666666666666667 0.04132231404958678
0 0.335 0.16322314049586778 0.09333333333333334 0.09504132231404959
0 0.23 0.1756198347107438 0.09666666666666666 0.08264462809917356
0 0.5 0.15702479338842976 0.06 0.06198347107438017
0 0.475 0.23760330578512398 0.06666666666666667 0.06198347107438017
0 0.4 0.20867768595041322 0.08 0.0743801652892562
0 0.5833333333333334 0.19008264462809918 0.056666666666666664 0.049586776859504134
0 0.665 0.1859504132231405 0.06 0.07024793388429752
0 0.7083333333333334 0.2190082644628099 0.05 0.045454545454545456
0 0.7633333333333333 0.24173553719008264 0.05 0.05785123966942149
0 0.8066666666666666 0.22107438016528927 0.05 0.045454545454545456
0 0.5966666666666667 0.1590909090909091 0.06 0.05785123966942149
0 0.54 0.1756198347107438 0.04 0.05371900826446281
3 0.20666666666666667 0.4380165289256198 0.18333333333333332 0.3140495867768595
3 0.31666666666666665 0.3822314049586777 0.15666666666666668 0.28512396694214875
3 0.4 0.4090909090909091 0.09333333333333334 0.2231404958677686
2 0.46166666666666667 0.4194214876033058 0.09 0.19421487603305784
3 0.5266666666666666 0.3243801652892562 0.06 0.15702479338842976
3 0.575 0.3677685950413223 0.09 0.2190082644628099
3 0.6366666666666667 0.3243801652892562 0.07333333333333333 0.17355371900826447
3 0.695 0.3760330578512397 0.09333333333333334 0.19008264462809918
3 0.8033333333333333 0.3574380165289256 0.07333333333333333 0.1487603305785124
3 0.8466666666666667 0.33264462809917356 0.08 0.14049586776859505
3 0.75 0.384297520661157 0.06 0.16942148760330578