0 0.1240234375 0.1675925925925926 0.21875 0.3351851851851852
0 0.64501953125 0.43148148148148147 0.1005859375 0.13333333333333333
0 0.39453125 0.7435185185185185 0.06640625 0.12222222222222222
0 0.72314453125 0.8055555555555556 0.1884765625 0.3888888888888889
0 0.892578125 0.8398148148148148 0.185546875 0.32037037037037036
0 0.43798828125 0.2361111111111111 0.2060546875 0.4722222222222222
2 0.23681640625 0.625 0.3408203125 0.6685185185185185
1 0.294921875 0.18703703703703703 0.1572265625 0.37037037037037035
1 0.74658203125 0.4722222222222222 0.07421875 0.17592592592592593
1 0.6015625 0.37407407407407406 0.0634765625 0.1425925925925926
1 0.5341796875 0.3787037037037037 0.0341796875 0.14814814814814814
1 0.826171875 0.5305555555555556 0.126953125 0.29814814814814816
1 0.943359375 0.600925925925926 0.08984375 0.18518518518518517
1 0.88134765625 0.6138888888888889 0.0361328125 0.09259259259259259