0 0.4296593186372746 0.3986934673366834 0.03414829659318637 0.048567839195979894
0 0.5053807615230461 0.416608040201005 0.03469939879759519 0.04344221105527638
0 0.8154509018036072 0.35396984924623115 0.0418436873747495 0.06650753768844221
0 0.7462024048096193 0.3584170854271357 0.04008016032064128 0.06354271356783919
0 0.6834268537074147 0.39979899497487437 0.040671342685370745 0.06060301507537689
0 0.6227154308617234 0.39314070351758795 0.03831663326653307 0.05615577889447237
0 0.5631863727454909 0.42786432160804017 0.03477955911823647 0.05763819095477387
0 0.359248496993988 0.3975879396984925 0.03595190380761523 0.05615577889447237
0 0.2967735470941884 0.3916582914572864 0.037134268537074154 0.05912060301507538
0 0.22927855711422845 0.3805778894472362 0.04243486973947896 0.06354271356783919
0 0.15855711422845692 0.3739195979899497 0.04243486973947896 0.05912060301507538
3 0.8278356713426853 0.5579396984924623 0.06660320641282565 0.24386934673366834
3 0.7541583166332665 0.5741959798994974 0.07485971943887774 0.255678391959799
3 0.684308617234469 0.5934170854271357 0.06012024048096192 0.2290954773869347
3 0.6224248496993987 0.5934170854271357 0.06365731462925851 0.24977386934673365
3 0.5617134268537074 0.6251758793969849 0.05069138276553106 0.22464824120603014
3 0.49746492985971946 0.6155778894472361 0.05658316633266533 0.2409045226130653
3 0.43321643286573147 0.5948743718592965 0.06601202404809618 0.23203517587939698
3 0.36219438877755517 0.6037437185929648 0.06306613226452906 0.23500000000000001
3 0.2923446893787575 0.5734673366834171 0.06012024048096192 0.2098743718592965
3 0.22692384769539078 0.5897236180904523 0.06365731462925851 0.23055276381909548
3 0.1517735470941884 0.5985929648241206 0.07132264529058117 0.2630904522613065