3 0.8275748930099858 0.2911138613861386 0.09370898716119828 0.23079207920792078
0 0.6607275320970043 0.2062871287128713 0.045406562054208274 0.04626237623762377
0 0.9777032810271041 0.07514851485148515 0.0446077032810271 0.07967821782178217
2 0.639885877318117 0.5097772277227722 0.10519258202567759 0.21393564356435646
0 0.47630527817403706 0.24064356435643564 0.05231098430813124 0.06601485148514852
0 0.4311269614835949 0.19252475247524753 0.050727532097004285 0.08249999999999999
0 0.5476319543509273 0.14232673267326731 0.031697574893009985 0.053638613861386145
0 0.5813124108416547 0.13133663366336634 0.03566333808844508 0.05913366336633664
0 0.7081169757489301 0.1670792079207921 0.037246790299572036 0.07564356435643564
0 0.7841940085592012 0.14576732673267326 0.05944365192582026 0.09351485148514851
0 0.9212981455064194 0.1547029702970297 0.04517831669044223 0.07012376237623762
0 0.5614978601997147 0.2151980198019802 0.032496433666191156 0.06188118811881188
0 0.6415406562054209 0.3100990099009901 0.05151212553495007 0.08388613861386139
3 0.37406562054208276 0.34448019801980195 0.07607703281027103 0.2103960396039604
3 0.4426248216833095 0.43866336633663366 0.08955777460770328 0.2557673267326733
3 0.6058773181169758 0.24613861386138614 0.054679029957203994 0.07150990099009902