0 0.5537732656514381 0.1662 0.2283756345177665 0.16541666666666666
2 0.4607275803722505 0.6512333333333333 0.3633671742808799 0.5223333333333333
0 0.9100676818950931 0.22329999999999997 0.17367174280879866 0.15286666666666668
0 0.14585448392554992 0.30848333333333333 0.044585448392554995 0.03573333333333333
0 0.026751269035532994 0.0208 0.037868020304568525 0.028016666666666665
2 0.031218274111675125 0.09885000000000001 0.06076142131979695 0.08453333333333334
0 0.05549915397631133 0.36196666666666666 0.11101522842639594 0.14171666666666666
0 0.7036040609137055 0.22013333333333335 0.12407783417935701 0.11805
0 0.7677664974619289 0.27013333333333334 0.08037225042301184 0.10416666666666667
0 0.22419627749576987 0.2715333333333333 0.12972927241962776 0.09583333333333334
2 0.8877664974619288 0.59375 0.22448392554991536 0.37361666666666665
2 0.2150253807106599 0.45070000000000005 0.1762605752961083 0.10138333333333333