3 0.5140625 0.5074074074074074 0.1375 0.2611111111111111
3 0.1390625 0.3453703703703704 0.13854166666666667 0.25925925925925924
0 0.1609375 0.1425925925925926 0.06979166666666667 0.1
0 0.35625 0.19166666666666668 0.06979166666666667 0.10740740740740741
0 0.5239583333333333 0.29074074074074074 0.06979166666666667 0.10185185185185185
0 0.4270833333333333 0.25092592592592594 0.08541666666666667 0.11296296296296296
0 0.5885416666666666 0.23703703703703705 0.07395833333333333 0.1037037037037037
0 0.6770833333333334 0.3435185185185185 0.07291666666666667 0.11296296296296296
3 0.3140625 0.3490740740740741 0.109375 0.2388888888888889
3 0.38645833333333335 0.45092592592592595 0.13229166666666667 0.2740740740740741
3 0.65625 0.5370370370370371 0.11666666666666667 0.22777777777777777
3 0.5791666666666667 0.4351851851851852 0.10416666666666667 0.21481481481481482
2 0.04010416666666667 0.39351851851851855 0.08020833333333334 0.3351851851851852
1 0.05 0.17037037037037037 0.053125 0.1111111111111111