0 0.49375 0.3753315649867374 0.03194444444444444 0.04509283819628647
3 0.38055555555555554 0.44562334217506633 0.05 0.10875331564986737
0 0.8618055555555556 0.4350132625994695 0.027777777777777776 0.034482758620689655
2 0.8583333333333333 0.5145888594164456 0.03194444444444444 0.09018567639257294
1 0.7277777777777777 0.8262599469496021 0.07083333333333333 0.15119363395225463
3 0.6381944444444444 0.8938992042440318 0.11805555555555555 0.21220159151193635
3 0.5951388888888889 0.623342175066313 0.06666666666666667 0.1273209549071618
3 0.48194444444444445 0.47877984084880637 0.04722222222222222 0.11936339522546419
0 0.39375 0.3713527851458886 0.02638888888888889 0.050397877984084884
3 0.31319444444444444 0.746684350132626 0.09305555555555556 0.15649867374005305
1 0.8881944444444444 0.473474801061008 0.015277777777777777 0.029177718832891247
2 0.8881944444444444 0.5278514588859416 0.02638888888888889 0.07692307692307693
0 0.10694444444444444 0.20822281167108753 0.016666666666666666 0.029177718832891247
3 0.10138888888888889 0.27851458885941643 0.030555555555555555 0.08222811671087533