0 0.5112384259259259 0.2534567901234568 0.1657986111111111 0.17728395061728394
0 0.30775462962962963 0.11730452674897118 0.28944444444444445 0.23458847736625515
0 0.8930671296296296 0.10962962962962963 0.21320601851851853 0.219238683127572
3 0.23540509259259257 0.7557818930041152 0.4679976851851852 0.4884156378600823
3 0.908599537037037 0.7325308641975309 0.1821412037037037 0.5281481481481481
0 0.7137384259259258 0.10493827160493827 0.10648148148148148 0.20987654320987653
0 0.7604166666666666 0.06858024691358024 0.0625 0.13718106995884774
0 0.7885763888888889 0.12002057613168723 0.07716435185185186 0.12483539094650206
3 0.5235300925925925 0.7242798353909465 0.1875 0.5267489711934157
3 0.6689814814814815 0.5191975308641975 0.1527777777777778 0.46502057613168724
3 0.7507754629629629 0.5480041152263374 0.06327546296296296 0.42660493827160495