0 0.53125 0.38992042440318303 0.03333333333333333 0.050397877984084884
3 0.6215277777777778 0.5384615384615384 0.05277777777777778 0.11405835543766578
0 0.18055555555555555 0.16976127320954906 0.027777777777777776 0.03978779840848806
2 0.1673611111111111 0.246684350132626 0.03611111111111111 0.09283819628647215
1 0.22361111111111112 0.629973474801061 0.075 0.15649867374005305
3 0.29097222222222224 0.7625994694960212 0.125 0.23342175066312998
3 0.3875 0.5424403183023873 0.07083333333333333 0.13527851458885942
3 0.5208333333333334 0.493368700265252 0.05138888888888889 0.1246684350132626
0 0.6243055555555556 0.46021220159151194 0.027777777777777776 0.05305039787798409
3 0.6215277777777778 0.8673740053050398 0.09722222222222222 0.16710875331564987
1 0.14791666666666667 0.1856763925729443 0.016666666666666666 0.03183023872679045
2 0.13680555555555557 0.23607427055702918 0.029166666666666667 0.07957559681697612
0 0.9215277777777777 0.5251989389920424 0.018055555555555554 0.03183023872679045
3 0.9125 0.5941644562334217 0.03333333333333333 0.08488063660477453