1 0.286875 0.23695652173913043 0.07125 0.33043478260869563
1 0.185 0.19782608695652174 0.0725 0.39565217391304347
0 0.0925 0.09565217391304348 0.09 0.19130434782608696
0 0.05125 0.6847826086956522 0.1025 0.5782608695652174
2 0.264375 0.7195652173913043 0.13625 0.5391304347826087
2 0.365625 0.7521739130434782 0.09375 0.4826086956521739
3 0.496875 0.7521739130434782 0.21875 0.4956521739130435
1 0.500625 0.2847826086956522 0.08 0.4
0 0.629375 0.1891304347826087 0.08625 0.2391304347826087
2 0.654375 0.7695652173913043 0.11625 0.4608695652173913
1 0.729375 0.27608695652173915 0.07 0.3521739130434783
1 0.81625 0.24347826086956523 0.08375 0.3695652173913043
1 0.901875 0.20869565217391303 0.06875 0.3521739130434783
3 0.848125 0.7304347826086957 0.10875 0.5391304347826087
3 0.945 0.7217391304347827 0.0925 0.5565217391304348
0 0.383125 0.22391304347826088 0.09625 0.25217391304347825