0 0.5891181818181818 0.4293636363636364 0.06944545454545455 0.145
0 0.9437090909090908 0.7566909090909091 0.03822727272727273 0.031872727272727275
3 0.5740818181818181 0.6035090909090909 0.121 0.19983636363636362
0 0.8604909090909091 0.3153818181818182 0.0972 0.11887272727272727
0 0.8667818181818182 0.107 0.04125454545454545 0.08810909090909091
0 0.9423090909090909 0.03636363636363636 0.0944090909090909 0.06992727272727273
0 0.6377636363636363 0.16294545454545456 0.051745454545454546 0.13287272727272728
0 0.7300727272727273 0.045454545454545456 0.06852727272727273 0.08530909090909092
0 0.7846181818181819 0.08810909090909091 0.051745454545454546 0.09230909090909091
0 0.5426545454545454 0.15314545454545456 0.053145454545454544 0.07692727272727273
0 0.6 0.16643636363636366 0.03636363636363636 0.06154545454545455
0 0.5073454545454545 0.19090909090909092 0.030072727272727272 0.05454545454545454
0 0.4569909090909091 0.13147272727272727 0.045454545454545456 0.06992727272727273
0 0.3493 0.052454545454545455 0.046854545454545454 0.07412727272727274
0 0.40664545454545453 0.3755272727272727 0.023072727272727273 0.03496363636363636
0 0.24510909090909092 0.16363636363636364 0.04265454545454546 0.06712727272727273
0 0.15734545454545457 0.18041818181818184 0.04475454545454545 0.05874545454545455
0 0.09300909090909092 0.14614545454545455 0.05594545454545454 0.07972727272727273
3 0.7013999999999999 0.3643272727272727 0.0895090909090909 0.2531454545454545
3 0.7660818181818182 0.2762181818181818 0.06223636363636363 0.2727272727272727
3 0.8590909090909091 0.5601454545454545 0.1014 0.2111818181818182
3 0.9576909090909091 0.45454545454545453 0.08461818181818181 0.45034545454545455
3 0.8625909090909091 0.22936363636363638 0.06643636363636364 0.06154545454545455
3 0.5363636363636364 0.37132727272727273 0.07692727272727273 0.23916363636363636
3 0.6202818181818182 0.31887272727272725 0.051745454545454546 0.1146909090909091
3 0.4510454545454545 0.34405454545454545 0.07552727272727272 0.21258181818181818
3 0.40594545454545455 0.4888181818181819 0.04965454545454545 0.12167272727272728
3 0.3367090909090909 0.2825090909090909 0.08461818181818181 0.24614545454545453
3 0.24615454545454543 0.37481818181818183 0.07132727272727273 0.2209818181818182
3 0.15314545454545456 0.3846181818181818 0.06713636363636363 0.2209818181818182
3 0.07552727272727272 0.34056363636363635 0.08391818181818182 0.21958181818181818