2 0.48698749999999996 0.6517586206896552 0.074575 0.22148275862068967
2 0.7242000000000001 0.4967586206896552 0.06786249999999999 0.21317241379310345
0 0.2353 0.3582068965517241 0.040775 0.08258620689655172
3 0.6202375 0.48441379310344823 0.06786249999999999 0.21675862068965518
3 0.6482125000000001 0.2799655172413793 0.0583375 0.20855172413793102
1 0.7014875 0.3481034482758621 0.0327375 0.0886551724137931
0 0.4827375 0.4474482758620689 0.0381 0.11986206896551724
0 0.5229125 0.2783103448275862 0.033925000000000004 0.11
0 0.4547625 0.07965517241379311 0.0357125 0.09358620689655173
1 0.5857125 0.1822758620689655 0.0381 0.09851724137931035
0 0.44286250000000005 0.4129655172413793 0.0392875 0.10344827586206896
3 0.47202500000000003 0.2701034482758621 0.051187500000000004 0.23482758620689653
3 0.3705375 0.2972068965517241 0.0767875 0.2036206896551724
3 0.41814999999999997 0.5812758620689655 0.0506 0.2265862068965517
3 0.18392499999999998 0.5229999999999999 0.0738125 0.24465517241379311
0 0.3327375 0.16093103448275864 0.029762499999999997 0.08210344827586206