3 0.6494333333333334 0.4382338308457711 0.06073333333333333 0.13072139303482586
0 0.6484333333333333 0.31380597014925377 0.03908333333333333 0.03435323383084577
0 0.7768666666666667 0.29019900497512435 0.04098333333333333 0.04213930348258707
0 0.28691666666666665 0.1811691542288557 0.07118333333333333 0.06601990049751244
3 0.8972000000000001 0.4960696517412935 0.03625 0.06559701492537313
0 0.20858333333333334 0.24733830845771146 0.05768333333333333 0.06624378109452736
3 0.7801 0.42805970149253736 0.07038333333333333 0.14681592039800995
3 0.9740666666666667 0.4871393034825871 0.03333333333333333 0.06771144278606965
0 0.8972166666666668 0.43393034825870647 0.018516666666666667 0.02763681592039801
0 0.9712999999999999 0.4291044776119403 0.016666666666666666 0.020721393034825872
0 0.4949 0.0532089552238806 0.07869999999999999 0.07878109452736319
3 0.5060166666666667 0.32684079601990046 0.125 0.2860696517412935
0 0.42778333333333335 0.11955223880597016 0.07221666666666667 0.07047263681592039
3 0.4166666666666667 0.37037313432835817 0.07963333333333333 0.25151741293532337
3 0.30046666666666666 0.3869651741293532 0.10463333333333334 0.19900497512437812
3 0.20926666666666668 0.4166666666666667 0.07221666666666667 0.18932835820895522
3 0.7041666666666667 0.48577114427860696 0.03611666666666667 0.08982587064676617
0 0.70185 0.4097512437810945 0.022216666666666666 0.04007462686567164