3 0.4018225806451613 0.39180000000000004 0.11891935483870969 0.3292
0 0.7651290322580645 0.15556666666666666 0.05712903225806452 0.11943333333333332
0 0.9479193548387097 0.15346666666666667 0.05577419354838709 0.10416666666666667
0 0.6021451612903226 0.13543333333333335 0.06720967741935484 0.10416666666666667
0 0.3924677419354839 0.1507 0.06048387096774194 0.1014
0 0.2889838709677419 0.1396 0.06585483870967741 0.10416666666666667
0 0.11996774193548386 0.07916666666666666 0.05309677419354839 0.09723333333333334
3 0.5944193548387097 0.3861 0.12298387096774194 0.3389
3 0.7664677419354838 0.4152666666666667 0.1256774193548387 0.325
3 0.9444193548387096 0.42293333333333333 0.10793548387096774 0.32916666666666666
3 0.2728548387096774 0.3930666666666667 0.10617741935483871 0.3361
3 0.10753225806451613 0.3527666666666667 0.1276935483870968 0.3333333333333333