1 0.16901408450704225 0.3818565400843882 0.09577464788732394 0.17721518987341772
0 0.35070422535211265 0.25316455696202533 0.10985915492957747 0.12236286919831224
2 0.38309859154929576 0.5822784810126582 0.2140845070422535 0.3291139240506329
0 0.7859154929577464 0.18565400843881857 0.11267605633802817 0.11814345991561181
0 0.956338028169014 0.25949367088607594 0.0647887323943662 0.10548523206751055
1 0.8028169014084507 0.07805907172995781 0.09577464788732394 0.15611814345991562
0 0.6070422535211267 0.05907172995780591 0.10985915492957747 0.11814345991561181
0 0.423943661971831 0.11392405063291139 0.09859154929577464 0.10548523206751055
2 0.5816901408450704 0.5759493670886076 0.19154929577464788 0.3080168776371308
2 0.8154929577464789 0.5358649789029536 0.23098591549295774 0.37130801687763715
2 0.9577464788732394 0.5443037974683544 0.08450704225352113 0.2616033755274262
2 0.6647887323943662 0.35654008438818563 0.14366197183098592 0.3080168776371308
2 0.45774647887323944 0.350210970464135 0.1352112676056338 0.19831223628691982
2 0.20140845070422536 0.6434599156118144 0.18873239436619718 0.33755274261603374
2 0.06338028169014084 0.6413502109704642 0.1267605633802817 0.3291139240506329
0 0.17887323943661973 0.10337552742616034 0.10704225352112676 0.12236286919831224