0 0.8984 0.2524893314366999 0.196 0.21763869132290184
3 0.5416 0.5732574679943101 0.136 0.30014224751066854
3 0.1272 0.6884779516358464 0.2544 0.5064011379800853
3 0.888 0.7638691322901849 0.2112 0.4722617354196302
3 0.698 0.6194879089615932 0.1464 0.33428165007112376
0 0.1516 0.18847795163584638 0.2232 0.2631578947368421
0 0.302 0.2773826458036984 0.0744 0.112375533428165
0 0.4064 0.27524893314367 0.0584 0.08534850640113797
0 0.5404 0.3357041251778094 0.06 0.09815078236130868
0 0.7208 0.3584637268847795 0.0712 0.10526315789473684
3 0.2904 0.5419630156472262 0.144 0.3029871977240398
2 0.4028 0.5440967283072546 0.1016 0.29445234708392604