1 0.7142875 0.24947826086956523 0.06905 0.3250434782608696
1 0.8166625000000001 0.2132608695652174 0.0702375 0.4016521739130435
0 0.909225 0.10869565217391304 0.0886875 0.2132608695652174
0 0.9488125 0.7132608695652174 0.10237500000000001 0.5734782608695652
2 0.734225 0.7360434782608696 0.133925 0.5279565217391304
2 0.6330375 0.7629565217391304 0.091075 0.4741304347826087
3 0.5014875 0.7577826086956522 0.21607500000000002 0.48447826086956525
1 0.5003 0.28469565217391307 0.077975 0.3954347826086957
0 0.372025 0.18217391304347824 0.0857125 0.2318695652173913
2 0.34405 0.7681304347826087 0.1131 0.4637826086956522
1 0.272025 0.2629565217391304 0.06786249999999999 0.34782608695652173
1 0.18482500000000002 0.22465217391304348 0.08155 0.36647826086956525
1 0.09939999999999999 0.18530434782608696 0.0666625 0.3499130434782609
3 0.15 0.7225652173913043 0.10595 0.5548695652173913
3 0.053575 0.7080869565217391 0.0892875 0.5755652173913043
0 0.61815 0.2318695652173913 0.09463749999999999 0.24843478260869564