3 0.5543354838709678 0.5930576923076922 0.18750967741935484 0.40363461538461537
3 0.911032258064516 0.47034615384615386 0.1036774193548387 0.20840384615384616
0 0.36740645161290325 0.3517692307692307 0.07378064516129032 0.08392307692307692
0 0.9131483870967743 0.2999807692307693 0.07575483870967742 0.07473076923076923
0 0.29365161290322583 0.32819230769230767 0.05307096774193549 0.06676923076923076
0 0.5587483870967742 0.23825 0.10469677419354839 0.12253846153846154
0 0.12545806451612904 0.5229230769230769 0.0813032258064516 0.08573076923076922
3 0.2059483870967742 0.4893461538461539 0.09498064516129032 0.2478846153846154
3 0.2949935483870968 0.5221538461538461 0.10016774193548386 0.21675
0 0.2212 0.2987692307692308 0.058980645161290327 0.06180769230769231
0 0.25621935483870967 0.32828846153846153 0.0331741935483871 0.05494230769230769
0 0.3986193548387097 0.33653846153846156 0.037793548387096774 0.057692307692307696
3 0.4027612903225806 0.5460192307692308 0.11612903225806452 0.23213461538461538
2 0.11981935483870967 0.6984807692307692 0.08663225806451613 0.21290384615384614