0 0.5822727272727273 0.4027272727272727 0.08 0.16545454545454547
0 0.9581818181818181 0.6145454545454545 0.04 0.04363636363636364
3 0.5813636363636364 0.5790909090909091 0.13545454545454547 0.23454545454545456
0 0.8418181818181818 0.20454545454545456 0.10545454545454545 0.14727272727272728
0 0.8309090909090909 0.023636363636363636 0.04727272727272727 0.04727272727272727
0 0.6095454545454545 0.12363636363636364 0.06181818181818182 0.14727272727272728
0 0.6918181818181818 0.015454545454545455 0.07454545454545454 0.03090909090909091
0 0.7490909090909091 0.02909090909090909 0.05818181818181818 0.05818181818181818
0 0.515 0.14363636363636365 0.05818181818181818 0.09272727272727273
0 0.5727272727272728 0.1390909090909091 0.04090909090909091 0.07272727272727272
0 0.48318181818181816 0.19272727272727272 0.03363636363636364 0.06363636363636363
0 0.42863636363636365 0.14909090909090908 0.05 0.08363636363636363
0 0.31636363636363635 0.10545454545454545 0.05181818181818182 0.08727272727272728
0 0.3981818181818182 0.40636363636363637 0.025454545454545455 0.04181818181818182
0 0.22181818181818183 0.24727272727272728 0.04727272727272727 0.08
0 0.13636363636363635 0.2918181818181818 0.04909090909090909 0.07272727272727272
0 0.07045454545454545 0.2781818181818182 0.06181818181818182 0.09636363636363636
3 0.6881818181818182 0.30272727272727273 0.10818181818181818 0.2781818181818182
3 0.7454545454545455 0.19545454545454546 0.08272727272727273 0.28909090909090907
3 0.8595454545454545 0.44727272727272727 0.11636363636363636 0.24
3 0.9445454545454546 0.3118181818181818 0.11090909090909092 0.4709090909090909
3 0.8368181818181818 0.1190909090909091 0.07 0.08181818181818182
3 0.5259090909090909 0.3618181818181818 0.09454545454545454 0.26
3 0.6045454545454545 0.28363636363636363 0.06 0.1290909090909091
3 0.4395454545454546 0.3609090909090909 0.09090909090909091 0.23272727272727273
3 0.40636363636363637 0.5181818181818182 0.05818181818181818 0.13636363636363635
3 0.32181818181818184 0.33636363636363636 0.10272727272727272 0.2690909090909091
3 0.23954545454545453 0.45545454545454545 0.08818181818181818 0.24
3 0.1481818181818182 0.49454545454545457 0.08363636363636363 0.24
3 0.06818181818181818 0.47545454545454546 0.1 0.24363636363636362