0 0.816875 0.32416666666666666 0.030625 0.03
2 0.7353125 0.54125 0.055 0.07166666666666667
2 0.843125 0.24458333333333335 0.046875 0.08
0 0.73125 0.4820833333333333 0.03375 0.035
0 0.83875 0.18791666666666668 0.020625 0.028333333333333332
2 0.8078125 0.38166666666666665 0.04375 0.07083333333333333
0 0.8153125 0.15541666666666668 0.02375 0.03333333333333333
0 0.38125 0.18833333333333332 0.0175 0.020833333333333332
0 0.233125 0.30375 0.01875 0.025
0 0.1821875 0.33875 0.020625 0.023333333333333334
0 0.18625 0.38958333333333334 0.01875 0.023333333333333334
0 0.4853125 0.64375 0.020625 0.025
0 0.5903125 0.5783333333333334 0.025625 0.043333333333333335
0 0.74125 0.40166666666666667 0.02625 0.030833333333333334
0 0.7459375 0.3575 0.021875 0.03166666666666667
0 0.6971875 0.4579166666666667 0.023125 0.0275
0 0.5 0.49041666666666667 0.01875 0.023333333333333334
0 0.85125 0.09583333333333334 0.021875 0.02666666666666667
3 0.1828125 0.42916666666666664 0.028125 0.049166666666666664
3 0.49875 0.535 0.03625 0.0575
3 0.5875 0.6266666666666667 0.051875 0.051666666666666666
3 0.4771875 0.69125 0.044375 0.065
3 0.7528125 0.44666666666666666 0.028125 0.058333333333333334
3 0.5265625 0.44375 0.0325 0.055
3 0.5925 0.465 0.03125 0.05333333333333334
3 0.17625 0.3675 0.019375 0.03833333333333333
0 0.858125 0.0675 0.01625 0.020833333333333332