0 0.4322033898305085 0.23048327137546468 0.14341590612777053 0.30855018587360594
0 0.7105606258148631 0.4200743494423792 0.0847457627118644 0.1821561338289963
0 0.8428943937418514 0.40892193308550184 0.04302477183833116 0.08921933085501858
0 0.8500651890482399 0.6282527881040892 0.04041720990873533 0.137546468401487
0 0.9035202086049544 0.4368029739776952 0.05084745762711865 0.13382899628252787
0 0.9745762711864406 0.45724907063197023 0.03650586701434159 0.09293680297397769
2 0.9178617992177314 0.6988847583643123 0.08213820078226858 0.2862453531598513
2 0.7040417209908736 0.8234200743494424 0.14863102998696218 0.35315985130111527
2 0.43546284224250326 0.8197026022304833 0.26597131681877445 0.36059479553903345
2 0.6010430247718384 0.7211895910780669 0.10430247718383312 0.3048327137546468
1 0.6121251629726207 0.4423791821561338 0.06910039113428944 0.23048327137546468
0 0.24445893089960888 0.3754646840148699 0.09126466753585398 0.17843866171003717
0 0.2966101694915254 0.3940520446096654 0.054758800521512385 0.15613382899628253
2 0.23859191655801826 0.7639405204460966 0.14471968709256844 0.4163568773234201
2 0.052803129074315516 0.7472118959107806 0.10560625814863103 0.38661710037174724
0 0.04954367666232073 0.36988847583643125 0.08604954367666232 0.18587360594795538