0 0.8106333333333333 0.14892561983471075 0.0471 0.04487603305785124
0 0.6982 0.12880165289256199 0.0418 0.03351239669421487
0 0.2981666666666667 0.19499999999999998 0.08383333333333333 0.08095041322314049
0 0.19546666666666668 0.22446280991735537 0.0906 0.06768595041322313
0 0.46159999999999995 0.15983471074380165 0.0562 0.05181818181818181
0 0.44603333333333334 0.24363636363636365 0.063 0.05264462809917356
0 0.36833333333333335 0.22797520661157025 0.07223333333333334 0.06198347107438017
0 0.5477666666666667 0.17768595041322313 0.0511 0.04132231404958678
0 0.6283333333333333 0.15979338842975208 0.05223333333333333 0.06334710743801653
0 0.675 0.1859504132231405 0.047766666666666666 0.038553719008264466
0 0.7316666666666667 0.19904958677685952 0.043333333333333335 0.0509504132231405
0 0.7716666666666666 0.17078512396694215 0.047766666666666666 0.038553719008264466
0 0.5572333333333332 0.14669421487603307 0.05443333333333333 0.0509504132231405
0 0.5027666666666667 0.17148760330578514 0.03443333333333334 0.04822314049586777
3 0.20333333333333334 0.4896694214876033 0.15333333333333332 0.2906198347107438
3 0.30443333333333333 0.4152892561983471 0.12890000000000001 0.2658264462809917
3 0.3911 0.42698347107438017 0.0689 0.21210743801652893
2 0.4527666666666667 0.42632231404958676 0.07 0.18318181818181817
3 0.5061 0.32231404958677684 0.043333333333333335 0.15152892561983472
3 0.5589 0.35607438016528925 0.0689 0.20797520661157023
3 0.615 0.30165289256198347 0.056666666666666664 0.1652892561983471
3 0.6789 0.3436776859504132 0.07333333333333333 0.18045454545454545
3 0.785 0.30714876033057853 0.056666666666666664 0.14049586776859505
3 0.8244333333333334 0.2740909090909091 0.06443333333333333 0.12946280991735537
3 0.735 0.34297520661157027 0.043333333333333335 0.1652892561983471