2 0.5175 0.6482758620689655 0.08125 0.23793103448275862
2 0.27625 0.55 0.07375 0.22758620689655173
0 0.759375 0.29482758620689653 0.04375 0.09310344827586207
3 0.38 0.5137931034482759 0.075 0.23103448275862068
3 0.345625 0.31724137931034485 0.065 0.2206896551724138
1 0.294375 0.39655172413793105 0.035 0.09655172413793103
0 0.515625 0.44310344827586207 0.04125 0.12758620689655173
0 0.47 0.28448275862068967 0.0375 0.11724137931034483
0 0.531875 0.0706896551724138 0.03875 0.10344827586206896
1 0.404375 0.20344827586206896 0.04125 0.10689655172413794
0 0.554375 0.4 0.0425 0.11379310344827587
3 0.520625 0.2637931034482759 0.05875 0.24482758620689654
3 0.6225 0.2672413793103448 0.0825 0.2206896551724138
3 0.584375 0.5620689655172414 0.0575 0.23793103448275862
3 0.815625 0.44655172413793104 0.08125 0.2620689655172414
0 0.655625 0.12241379310344827 0.0325 0.0896551724137931