3 0.685546875 0.33309037900874633 0.123046875 0.2099125364431487
0 0.681640625 0.14358600583090378 0.080078125 0.08454810495626822
3 0.103515625 0.576530612244898 0.0478515625 0.08017492711370262
0 0.33544921875 0.34839650145772594 0.0419921875 0.04518950437317784
0 0.2060546875 0.3520408163265306 0.044921875 0.05102040816326531
3 0.34228515625 0.4679300291545189 0.08203125 0.14723032069970846
0 0.76708984375 0.18075801749271136 0.0654296875 0.0641399416909621
3 0.47216796875 0.3236151603498542 0.142578125 0.3032069970845481
3 0.212890625 0.4803206997084548 0.0908203125 0.15451895043731778
3 0.56396484375 0.3454810495626822 0.11328125 0.28425655976676384
0 0.29248046875 0.45262390670553937 0.0283203125 0.04227405247813411
0 0.4638671875 0.05903790087463557 0.0927734375 0.10787172011661808
0 0.5361328125 0.10714285714285714 0.076171875 0.08892128279883382
3 0.29443359375 0.5313411078717201 0.044921875 0.08892128279883382
0 0.1025390625 0.5116618075801749 0.021484375 0.03206997084548105
0 0.02490234375 0.5269679300291545 0.0205078125 0.030612244897959183
3 0.03076171875 0.5845481049562682 0.0390625 0.07142857142857142
3 0.77587890625 0.3469387755102041 0.087890625 0.19533527696793002